RowIndex,Col_01,Col_02,Col_03,Col_04,Col_05,Col_06,Col_07,Col_08,Col_09,Col_10,Col_11,Col_12,Col_13,Col_14,Col_15,Col_16,Col_17,Col_18,Col_19,Col_20,Col_21,Col_22,Col_23,Col_24,Col_25,Col_26,Col_27,Col_28,Col_29,Col_30,Col_31,Col_32,Col_33,Col_34,Col_35,Col_36,Col_37,Col_38,Col_39,Col_40,Col_41,Col_42,Col_43,Col_44,Col_45,Col_46,Col_47,Col_48
335,0.710175189873418,0,0,0,0,0,0,0,0,0,0,0,0,0,2.27519088607595,1.47700253164557,1.39809417721519,0,0.233690126582278,0,0,0,0,0,0,0,0,2.6525346835443,6.48262481012658,4.53925367088608,3.5862835443038,4.08401316455696,3.56301569620253,3.49725873417722,5.26055696202532,6.10528101265823,6.73755949367089,5.53875949367089,4.8953529113924,5.02889012658228,6.65966278481013,6.5382653164557,5.72692556962025,4.78407189873418,5.11690329113924,2.62016202531646,1.2989529113924,0.610022278481013
336,0,0,0,0,0,0,0,0,0,0,0,0,0,0,2.09708253164557,0,0,0,0,0,0,0,0,0,0,0,0,0,0,0,0,6.01427443037975,4.89190582278481,3.84384708860759,4.22504708860759,3.67399594936709,3.37772151898734,3.47326278481013,3.47326278481013,4.41612962025316,3.98088607594937,4.0455453164557,3.56783898734177,3.33525873417721,2.17139240506329,1.74676455696203,2.55162734177215,2.55259240506329
337,2.23881012658228,0,0,0,0,0,0,0,0,0,0,0,0,0,2.18562025316456,0,1.19918987341772,1.64501772151899,1.42162025316456,0.965154430379747,0.83846582278481,0.647949367088608,1.15663797468354,0,0,0,0,0,5.62362025316456,4.02115443037975,3.52310379746835,3.28906835443038,3.1517417721519,4.09562025316456,4.42539746835443,3.64979240506329,4.95536202531646,6.63229367088608,6.33443037974684,5.8257417721519,5.73,5.50756962025317,6.18646582278481,5.9205164556962,5.70872405063291,2.41965569620253,1.18855189873418,0
338,0,0,0,0,0,0,0,0,0,0,0,0,0,0,0.0428081012658228,0,0,0,0.30938582278481,1.46228582278481,1.27062227848101,1.13149594936709,0.832812151898734,1.25894734177215,1.38834455696203,0.917455443037975,0.662552658227848,0.522453417721519,0.512724303797468,0.45921417721519,4.88887974683544,7.21608379746835,6.2451182278481,6.07388582278481,5.14572835443038,5.13405341772152,5.00660202531646,5.00660202531646,3.03159189873418,3.39546075949367,4.38685746835443,5.93573240506329,4.09887569620253,4.43063848101266,4.40826151898734,3.98212632911392,4.12027974683544,2.99948582278481
339,2.90339240506329,2.61767088607595,0.833113924050633,0,0,0,0,0,0,0,0,0,0,0,0,0,0,0,0,0,0,0,0,0,0,0,0,0,0,4.85630379746835,5.83660759493671,4.92941772151899,5.38349367088608,6.10116455696202,5.98475949367089,5.58455696202532,6.53311392405063,7.65291139240506,6.53407594936709,3.91640506329114,2.51184810126582,2.80815189873418,2.63883544303797,0,0,0,0,0
340,0,0,0,0,0,0,0,0,0,0,0,0,0,0,0,0,0,0,0,0,0,5.71747746835443,4.68499341772152,1.60791924050633,0,0,0,0,0,6.49475164556962,4.07753569620253,4.36573848101266,6.84602911392405,7.96390658227848,7.21865493670886,7.51656151898734,8.02892202531645,7.18663240506329,6.83535493670886,5.22743569620253,4.8130835443038,4.31236759493671,3.84270379746835,1.54387417721519,0,0,0,0
341,0,0,0,0,0,0,0,0,0,0,0,0,0,0,2.01268481012658,3.32551518987342,1.6526217721519,0,0,1.7790782278481,6.23884025316456,3.78114455696203,0.191132658227848,0,0,0,0,0,0,0.349444556962025,0,5.43376632911392,4.7020564556962,4.50127063291139,3.54850329113924,3.82361848101266,3.58035873417722,3.5581564556962,3.0504,3.08225544303798,3.35737063291139,3.06101848101266,3.37957291139241,0.338826075949367,0,0,0,0
342,0,0,0,0,0,0,0,0,0,0,0,0,0,0,0,0,0,0,0,0,0,1.00797012658228,1.7092929113924,1.15694075949367,0.90156253164557,0.657792405063291,1.33783367088608,1.82537392405063,1.94242227848101,1.37942936708861,1.5284,4.77673367088608,3.54530759493671,3.5656217721519,3.08872227848101,4.9673,5.05242607594937,5.43452607594937,4.41494784810127,5.45580759493671,4.8928146835443,4.46815164556962,2.32452227848101,1.33783367088608,1.33686632911392,1.33783367088608,1.33686632911392,0.605555949367089
343,0,0,0,0,0,0,0,0,0,0,0,0,0,0,2.32087215189873,0.137146835443038,0,0,0,0,0,0,0,0,0,1.73848101265823,1.41975949367089,0.296507594936709,0,0,0.593981012658228,7.18475569620253,5.59501139240506,5.22510126582278,4.58862405063291,2.99887974683544,5.13914303797468,6.53862025316456,6.99448860759494,4.42926329113924,3.49724430379747,3.5291164556962,3.50786835443038,1.69501898734177,0,0,0,0
344,0,0,0,0,0,0,0,0,0,0,0.656759493670886,0.604605063291139,0.582391139240506,0,0,0,0,1.9075,1.16574810126582,1.07013164556962,0.784248101265823,0.657725316455696,1.07013164556962,0.529270886075949,0,0,0,0,0,0,0,6.71922911392405,3.66626329113924,3.50786835443038,5.38349620253164,5.80749240506329,5.2453835443038,4.91700379746835,5.06574050632911,5.96588734177215,6.26336075949367,4.74701898734177,3.74063164556962,1.31448481012658,0,0,0,0
345,0,0,0,0,0,0,0,0,0,0,0,0,0,0,2.2956,3.31554379746835,2.40214683544304,0,0,1.07321721518987,1.57301873417722,1.37154835443038,1.09452658227848,0.934706329113924,0.648967088607595,0.562761012658228,0.371945316455696,0.521110886075949,0.148196962025316,0,0,4.88953113924051,3.74076253164557,3.1770329113924,3.35913113924051,3.19834227848101,5.12296556962025,6.66402025316456,6.1216,6.19521417721519,4.07105772151899,4.67546886075949,4.78298430379747,4.5912,5.02707341772152,2.55034379746835,1.30762025316456,0.116232911392405
346,0,0,0,0,0,0,0,0,0,0,0,0,0,0,0,0,0,0,0,0,0,0,0.138112658227848,0.23276329113924,0,0,0,1.81284936708861,1.87562784810127,0.23276329113924,2.77674050632911,3.93186455696202,3.26351518987342,3.26448101265823,3.23164303797468,6.78200759493671,8.14961265822785,6.85637594936709,6.5811164556962,6.36863544303797,5.5312670886076,4.75860886075949,4.21774810126582,4.30274050632911,5.69062784810127,4.73639493670886,3.10512025316456,1.27198860759494
347,1.00691493670886,0,0,0,0,0,0,0,0,0,0,0,0,0,0,0,0,0,0,0,0,0,0,0,1.60120734177215,1.31517392405063,1.28231873417722,1.7075035443038,3.41404075949367,5.33317037974684,3.87014810126582,3.62566683544304,3.38215189873418,3.18115544303797,3.38215189873418,3.92329620253165,3.27585569620253,3.39278151898734,3.36185898734177,6.3400853164557,5.93712607594937,6.13908886075949,4.59102962025317,1.55868886075949,0,2.38586658227848,2.33271848101266,2.32208886075949
348,0.255010126582278,0,0,0,0,0,0,0,0,0,0,0,0,0,1.97899493670886,0.0213316455696203,0,0,1.85100506329114,1.44667341772152,1.27698987341772,1.2556582278481,0,0,0,0,0,0,3.84066582278481,5.43569113924051,5.32030632911392,6.62735443037975,6.64965569620253,6.01067594936709,5.17098481012658,6.97835696202532,5.42599493670886,5.35133417721519,4.93633670886076,4.65999493670886,4.51164303797468,5.71300253164557,3.87169367088608,3.54299240506329,3.52166075949367,3.31901012658228,3.02133670886076,0.0533291139240506
349,0,0,0,0,0,0,0,0,0,0,0,0,0,0,2.02655848101266,2.56543443037975,1.82736683544304,0,0,0,0,0,0,0,0,0,0,0,0,0,7.53848962025316,7.28541037974684,6.23941367088608,6.52521037974684,5.02598050632911,4.71901367088608,5.30022987341772,5.90261620253165,5.92282405063291,5.35315518987342,5.14241620253165,5.31081493670886,4.96247012658228,1.86874481012658,1.85815974683544,1.86874481012658,1.86874481012658,1.18264025316456
350,0,0,0,0,0,0,0,0,0,0,0,0,0,0,1.63951392405063,0,0,0,0,0,0,0,0,0,0,0,0,0,6.36500050632911,5.00294278481013,4.19385721518987,7.23811443037975,7.13237063291139,6.00314329113924,5.66262886075949,4.65175696202532,4.82152911392405,4.32191392405063,4.82249924050633,4.82152911392405,4.47034329113924,4.28989974683544,5.57822784810127,5.4278582278481,3.49148556962025,1.82092759493671,1.28735797468354,1.30967088607595
351,0.956232911392405,0,0,0,0,0,0,0,0,0,0,0,0,0,1.99966329113924,3.36445063291139,2.10743544303797,0,0,1.92422278481013,1.21488607594937,1.12866835443038,0.80633164556962,1.03167341772152,0,0,0,0,7.04144050632912,4.26777721518987,3.87,3.51533164556962,6.77201012658228,6.81609873417722,6.58977721518987,6.35267848101266,6.41832151898734,7.05221772151899,6.89055949367089,6.56822278481013,6.579,5.91179240506329,5.28965316455696,4.88011898734177,3.096,2.94609873417722,3.31056455696203,0.946435443037975
352,0,0,0,0,0,0,0,0,0,0,0,0,0,0,2.56700050632911,3.22883670886076,0.529268101265823,0,0,0,0,0,0,0,0,0,2.3581053164557,3.05207924050633,3.05207924050633,3.03098886075949,9.2667111392405,7.98923670886076,6.71075797468354,6.95379949367089,6.58923721518987,6.44662607594937,5.41018455696203,4.52941012658228,4.4842164556962,4.57359949367089,4.92611012658228,4.80358506329114,5.69741544303797,5.22338405063291,4.61678455696203,1.35581012658228,1.33271113924051,1.35581012658228
353,1.27326734177215,1.31518962025316,1.25181873417722,0,0,0,0,0,0,0,0,0,0,0,0,0,0,0,0,0,0.503067341772152,0.802372911392405,0.310029873417722,0,0.609335443037975,2.1292617721519,3.82955139240506,4.01088962025316,9.8634346835443,7.24182987341772,6.48235417721519,6.79335898734177,6.43945696202532,6.66466734177215,6.61007088607595,6.3975346835443,6.37511113924051,6.63249443037975,5.83012151898734,5.81939721518987,8.15144582278481,6.5467,5.50839240506329,4.69627012658228,4.41841316455696,4.44961113924051,3.65893746835443,1.46532987341772
354,0,0,0,0,0,0,0,0,0,0,0,0,0,0,0,0,0,0,0,0,0,0,1.49604430379747,1.33417721518987,1.14091772151899,1.28120253164557,3.79946202531646,4.95215189873418,3.85341772151899,3.45512658227848,3.22851265822785,3.19712025316456,3.47670886075949,2.98129746835443,3.32661392405063,3.08920886075949,3.08920886075949,3.21870253164557,5.38183544303797,6.24316455696203,6.63066455696203,6.5767088607595,6.74838607594937,6.40503164556962,2.66933544303797,0,0,0
355,0,0,0,0,0,0,0,0,0,0,0,0,0,0,2.18490379746835,0.0762982278481013,1.20689924050633,0,0,0,0,0,0,0,0,2.3484,4.43619696202532,6.85990430379747,4.31629974683544,4.12010430379747,3.66429670886076,3.78320303797468,4.50159544303797,6.39319696202532,7.00160101265823,6.59930126582278,6.17520202531646,6.01269670886076,6.33770734177215,5.99089721518987,5.83830075949367,6.06719544303798,5.62030582278481,6.06719544303798,5.59949721518987,3.60880708860759,0,0
356,0,0,0,0,0,0,0,0,0,0,0,0,0,0,0,0,0,0,0,0,0,0,0,0,0,8.13418987341772,6.65063924050633,6.02860126582279,5.90936075949367,5.99680379746835,6.13790506329114,6.57512025316456,6.65063924050633,6.59598734177215,6.41116455696203,5.64703164556962,5.78912658227848,5.69174683544304,5.74540506329114,5.72453797468354,5.36383544303797,5.41848734177215,5.71360759493671,5.32011392405063,5.48406962025316,4.32843037974683,1.31959493670886,1.31860126582278
357,0.71797670886076,0,0,0,0,0,0,0,0,0,0,0,0,0,0,0,0,0,0,0,0,0,0,0,0.7944,8.5946035443038,8.583542278481,6.27877670886076,5.58191696202532,5.4511929113924,6.39944506329114,6.43162329113924,6.78558379746835,5.06505417721519,4.98661974683544,4.85489012658228,4.64472607594937,4.46875139240506,5.25209012658228,6.44268455696203,6.38838379746835,4.46875139240506,4.54618025316456,4.67790987341772,4.35813873417721,1.28009012658228,1.27908455696203,1.28009012658228
358,0.85075746835443,0,0,0,0,0,0,0,0,0,0,0,0,0,0,0,0,0,0,0,0,1.47484253164557,1.52881215189873,1.62595746835443,1.41007898734177,3.03701772151899,4.81212759493671,6.98759392405063,4.15566075949367,3.67189670886076,3.61792708860759,3.69250329113924,3.57475139240506,5.23210936708861,7.76279392405063,8.05422987341772,8.06404253164557,6.99838784810127,6.98759392405063,6.95521215189873,6.4272911392405,6.3635088607595,6.0720729113924,5.11435746835443,6.41649721518987,4.2312182278481,2.01355746835443,2.04593924050633
359,2.03893316455696,0.931056202531646,0,0,0,0,0,0,0,0,0,0,0,0,0,0,0,0,0,7.20169974683544,4.43949974683544,4.58135594936709,4.98794379746835,4.04390075949367,3.88106582278481,3.48546683544304,3.51843341772152,3.44151139240506,3.81413367088608,3.58436658227848,3.73821063291139,6.33557772151899,8.43944506329114,6.67623240506329,6.47743392405063,6.59831139240506,5.0758546835443,4.84408962025316,4.52741063291139,4.42851088607595,4.63630025316456,4.54838936708861,4.25368810126582,4.58135594936709,4.29664455696203,4.25268911392405,4.5054329113924,2.23573367088608
360,0,0,0,0,0,0,0,0,0,0,0,0,0,0,0,0,0,0,0,0,0.299147341772152,0,0.18898835443038,0.0222339240506329,0,8.6489964556962,7.06432405063291,6.04257417721519,6.47613569620253,6.24369012658228,6.53070987341772,5.86571341772152,5.67773569620253,4.8571017721519,4.83486784810127,4.38008303797468,3.73732050632911,3.61503392405063,3.58168303797468,3.49274734177215,3.51498126582279,3.09354734177215,3.21583392405063,6.40943392405063,7.75155443037975,6.43166784810127,3.11578126582279,0
361,0,0,0,0,0,0,0,0,0,0,0,0,0,0,0,0,0,0,0,0,0,0,0,0,0,0,2.75062101265823,0.932036962025317,0,0,0,0,1.5972,9.37192481012658,6.41103949367089,6.04509873417722,7.1095617721519,5.67915797468355,5.93390126582279,5.70139746835443,5.47900253164557,4.95839620253165,5.16866050632911,4.78048025316456,4.54696556962025,2.89517772151899,2.14105670886076,0.919906329113924
362,0,0,0,0,0,0,0,0,0,0,0,0,0,0,0,0,0,0,0,0,0,0,0,0,0,0,0,0,0,6.35476329113924,4.50268759493671,5.83053341772152,6.58741569620253,6.76723873417722,6.40962455696203,5.04926835443038,4.89382810126582,5.41704202531646,6.4208,5.90876151898734,5.75128936708861,5.68525265822785,5.81935797468354,5.41704202531646,5.77465620253165,5.45056835443038,4.83795088607595,4.84912632911392
363,2.63093670886076,0,0,0,0,0,0,0,0,0,0,0,0,0,0,0,0,0,0,0,0,0,0,0,0,0.433092658227848,1.48850303797468,4.60717493670886,6.87281620253165,4.22973670886076,4.18622506329114,3.68634708860759,3.5305146835443,3.5527764556962,3.50825291139241,3.36456329113924,3.27450430379747,6.31829569620253,6.57228227848101,6.36180734177215,6.49537797468354,6.47311620253165,6.10680886075949,6.4174617721519,5.1293146835443,4.82979265822785,3.34128962025316,2.36480734177215
364,0.71083088607595,0,0,0,0,0,0,0,0,0,0,0,0,0,0,0,0,0,0,0,0,0,0,0,2.12945924050633,1.40952810126582,1.18707746835443,0.9423817721519,0.666340759493671,8.15382683544304,6.83429012658228,6.61285063291139,6.54510430379747,6.71194227848101,6.67958582278481,6.32366481012658,6.88990278481013,6.6452070886076,6.5016253164557,6.76755493670886,6.40152253164557,6.2458070886076,6.62397316455696,4.85852405063291,4.40452253164557,4.52687037974684,4.23768455696202,1.27605772151899
365,1.33367088607595,1.32253164556962,1.29924050632911,0.4,0,0,0,0,0,0,0,0,0,0,0,0,0,0,0,0,0,0.91139240506329,1.40050632911392,0.96607594936709,1.26683544303797,0.988354430379747,1.84506329113924,0.599493670886076,0,0.433417721518987,5.56658227848101,8.6673417721519,7.83291139240506,7.30025316455696,7.47746835443038,6.35544303797468,7.00050632911393,6.54379746835443,6.25620253164557,7.1220253164557,5.75594936708861,5.9220253164557,5.9220253164557,5.94430379746836,5.68911392405063,5.48860759493671,5.6,5.88860759493671
366,4.312,0.664911392405063,0,0,0,0,0,0,0,0,0,0,0,0,0,0,0,0,0,0,0,0,0,0,0,0,0,0.0873316455696203,0,0,0.500172151898734,7.69907848101266,7.97000506329114,5.94549873417722,3.5170835443038,3.64808101265823,3.57166582278481,3.42975189873418,3.35333670886076,3.31066329113924,3.24516455696203,3.36425316455696,3.5061670886076,3.75724556962025,6.75033924050633,6.51216202531646,6.71858227848101,5.4770835443038
367,0,0,0,0,0,0,0,0,0,0,0,0,0,0,0,0,0,0,0,0,0,0,0,0,0,0,0.786303797468355,1.61424683544304,1.30727848101266,0,0,0,7.94728481012658,7.831082278481,6.66131012658228,7.03412658227848,6.72522151898734,6.54510759493671,6.41728481012658,6.37564556962025,6.32141772151899,6.24782278481013,6.00282911392405,6.2584746835443,6.30011392405063,6.31173417721519,5.58837341772152,2.90118987341772
368,2.45479746835443,0.317339240506329,0,0,0,0,0,0,0,0,0,0,0,0,0,0,0,0,0,0,0,0,0,0,0,0.751389873417722,1.524,1.25971139240506,1.24910126582278,0.983848101265823,1.08994936708861,3.86305063291139,6.41333924050633,8.382,7.02776202531646,7.18594936708861,7.77915189873418,6.81555949367089,6.63518734177215,6.67859240506329,6.46638987341772,6.31784810126582,6.25515189873418,7.17533924050633,5.13337215189873,1.82011898734177,1.80950886075949,1.74584810126582
369,0.0212536708860759,0,0,0,0,0,0,0,0,0,0,0,0,0,0,0,0,0,0,0,0.551629367088608,2.43837569620253,0.179690126582278,0,2.05677569620253,1.22884860759494,1.01824405063291,0,0,0.635677974683544,5.33177316455696,4.25073417721519,3.61505620253165,3.92130227848101,6.49782683544304,6.49782683544304,6.4872,6.4021853164557,6.28625620253164,6.17998784810127,6.15873417721519,6.18964860759494,6.62534886075949,6.20124151898734,6.42343898734177,5.94619746835443,5.36365367088607,5.17333670886076
370,5.0838129113924,4.50417417721519,0,0,0,0,0,0,0,0,0,0,0,0,0,0,0,0,0,0,0,0,0,0,0,0,0,0,5.13757367088608,9.90957417721519,7.50793443037975,7.28213924050633,6.25188759493671,6.15707316455696,6.16684784810127,6.05932632911392,6.87453493670886,6.32813012658228,6.02706987341772,5.7592435443038,6.76799088607595,6.31640050632911,5.42690430379747,5.3408870886076,4.06529088607595,1.28732582278481,0.964761265822785,0
371,0,0,0,0,0,0,0,0,0,0,0,0,0,0,0,0,0,0,0,0,0,0.71267088607595,5.03232911392405,3.48966329113924,1.37201265822785,0.979316455696203,0.81932911392405,0.659341772151899,0.648675949367089,2.62767088607595,7.74532658227848,7.72399493670886,7.47868101265823,6.8203088607595,6.72334683544304,7.11701265822785,6.68165316455696,6.52166582278481,6.37234430379747,6.30931898734177,6.57499493670886,6.50033417721519,4.73368607594937,4.75598734177215,4.72398987341772,4.85101012658228,1.69198734177215,0
372,0,0,0,0,0,0,0,0,0,0,0,0,0,0,1.94805569620253,0.0219443037974684,0,0,0.152612658227848,0.164582278481013,0,0,0,0,0,0,0,0,8.64605569620253,5.78930632911392,5.30852658227848,6.92741772151899,7.1578329113924,3.77541772151899,3.53502784810127,3.33852658227848,3.5789164556962,6.304,6.04066835443038,7.13588860759494,6.2710835443038,5.122,6.17333164556962,5.76736202531646,4.74994430379747,4.60730632911392,1.9370835443038,1.40144303797468
373,0.45273417721519,0,0,0,0,0,0,0,0,0,0,0,0,0,2.26266481012658,3.24560101265823,2.50613518987342,1.56746632911392,0,0,0,0,0,0,0,0,0,5.28692911392405,7.40773721518987,7.8041311392405,7.28600202531646,7.26286227848101,6.64613772151899,6.99826430379747,7.71660253164557,6.99826430379747,6.72259949367089,6.22660405063291,6.02639493670886,6.11593569620253,6.29199898734177,6.38053367088608,6.07166835443038,5.02233113924051,4.64706481012658,4.93480253164557,4.48206835443038,4.55853012658228
374,4.82468962025316,3.59065518987342,0.967572151898734,0,0,0,0,0,0,0,0,0,0,0,0,0,0,0,0,0,0,0,0.277607088607595,7.2704688607595,7.50349670886076,6.39205518987342,3.19045518987342,3.2016,3.78011696202532,10.2826070886076,7.3930617721519,4.34647594936709,4.49135848101266,6.64737265822785,6.4032,5.85811746835443,5.9148546835443,5.62508962025316,5.51364151898734,5.76895898734177,5.89256506329114,5.55822075949367,5.45791746835443,5.75882734177215,5.83582784810127,5.4802070886076,5.45893063291139,5.85811746835443
375,4.29579797468354,2.31490734177215,2.3138982278481,0.951594430379747,0,0,0,0,0,0,0,0,0,0,0,0,0,0,0,0,0,0,1.51770734177215,3.25439240506329,3.23320101265823,3.21100050632911,9.05679746835443,5.6581017721519,5.24840151898734,5.43609670886076,5.37050430379747,4.73879898734177,4.89420253164557,5.87909772151899,7.66220202531646,6.70959848101266,6.70959848101266,6.3776,6.75399949367088,5.8135053164557,4.49459341772152,4.34120810126582,4.72769873417721,4.25139696202532,4.73879898734177,4.26249721518987,2.38049974683544,1.41780506329114
376,0.52253164556962,0,0,0,0,0,0,0,0,0,0,0,0,0,0,0,0,0,0,0,0,0,0,0,0,0,0,0,0,0,1.31037974683544,9.04506329113924,7.42177215189873,7.11088607594937,7.64455696202532,8.17822784810127,6.98835443037975,6.84455696202532,6.77772151898734,7.00050632911393,6.66632911392405,6.37772151898734,4.8779746835443,4.81113924050633,4.8779746835443,4.34430379746835,2.29974683544304,1.2779746835443
377,1.28911392405063,1.1220253164557,0,0,0,0,0,0,0,0,0,0,0,0,0,0,0,0,0,0,1.93316455696203,1.82278481012658,4.35544303797468,4.37772151898734,4.92151898734177,3.71139240506329,1.32253164556962,8.68860759493671,7.47746835443038,6.44455696202532,5.71139240506329,5.36708860759494,5.16658227848101,5.02177215189873,5.09974683544304,5.26683544303797,5.48860759493671,6.36759493670886,6.04354430379747,6.21164556962025,5.72253164556962,5.03291139240506,4.85569620253165,4.84455696202532,3.75493670886076,0,0,0
378,0,0,0,0,0,0,0,0,0,0,0,0,0,0,2.19398810126582,0,0,0,0,0,0,0,0,0,0,0,0,0,1.72589772151899,6.74327240506329,6.22174253164557,7.09062911392405,5.92881493670886,6.26528582278481,6.90557012658228,6.71061493670886,5.76552759493671,5.63588734177215,5.54880075949367,4.92929848101266,4.66902835443038,4.87585898734177,4.91841265822785,4.89763063291139,4.85309772151899,2.6274417721519,1.30332987341772,0.195944810126582
379,0,0,0,0,0,0,0,0,0,0,0,0,0,0,1.55509746835443,0.184351898734177,2.68598734177215,2.28358481012658,0.815707594936709,0,0,0,0,0,0,0,0,0,0,6.25309746835443,5.16581772151899,6.06874556962025,6.88346202531646,6.59008481012658,6.4057329113924,6.69911012658228,6.56827974683544,6.30761012658228,6.27490253164557,6.23129240506329,6.94887721518987,6.66640253164557,6.48205063291139,6.33932658227848,4.95966075949367,1.99020759493671,0,0
380,0,0,0,0,0,0,0,0,0,0,0,0,0,0,2.20227443037975,0,0,0,0,0,0,0,0,0,0,0,0,0,0,6.50163139240506,4.53193721518987,3.97027037974684,4.20381569620253,6.4485529113924,5.94092962025316,5.70738430379747,5.4844546835443,5.67650227848101,5.38891341772152,5.31653367088608,5.54814886075949,5.17756455696203,5.54911392405063,4.1932,4.51070582278481,1.78922734177215,0.985329620253164,0
381,0,0,0,0,0,0,0,0,0,0,0,0,0,0,0,0,0,0,0,0,2.23001898734177,3.08638481012658,1.26769113924051,1.10007848101266,1.67997974683544,0.180135443037975,0,0,0,0,0,8.21205696202532,5.49653924050633,4.87232658227848,4.60838481012658,5.54855696202532,3.91096202531645,3.05459620253165,3.32913417721519,2.85423164556962,3.28674936708861,2.7800582278481,3.24436455696202,2.95923037974684,3.26652025316456,5.54855696202532,5.43296202531645,2.61051898734177
382,1.30351898734177,0.0212425316455696,0,0,0,0,0,0,0,0,0,0,0,0,0,0,0,0,0,0,0,0,0,1.57774075949367,1.43097417721519,1.26006835443038,0.466370126582278,0,0,3.1892764556962,4.60866379746835,9.43940860759494,7.16162987341772,7.36343392405063,4.92633620253165,5.42457012658228,4.45996607594937,4.58742126582279,4.22726379746836,4.61928506329114,4.08918734177215,4.65114886075949,5.25462987341772,2.4264764556962,0.82652759493671,0,0,0
383,0,0,0,0,0,0,0,0,0,0,0,0,0,0,1.73738632911392,0,0,0,0,0,0,0,0,0,0,0,0,0,2.60116050632911,3.24948303797468,4.38281772151899,4.81372101265823,8.74399189873418,5.95886126582278,5.31053873417722,6.5629129113924,5.28889518987342,4.85799189873418,4.6632,4.73895240506329,4.6632,4.37101215189873,4.77141772151899,4.16638227848101,2.07286126582279,1.30648303797468,0.831308860759494,0
384,0,0,0,0,0,0,0,0,0,0,0,0,0,0,0.877658734177215,0,0,0,0,0,0,0,0,0,0.813415696202532,1.47462481012658,1.16032810126582,1.05259746835443,0.530746329113924,5.37961316455696,6.34325873417721,6.60418430379747,6.44209417721519,6.44110582278481,6.91946936708861,7.16754632911392,6.56168506329114,6.25727189873418,6.09419341772152,5.25903392405063,4.58794126582278,4.26178430379747,4.39224708860759,0.314296708860759,0,0,0,0
385,0,0,0,0,0,0,0,0,0,0,0,0,0,0,2.53818784810127,3.27365189873418,0.3889,0,0.150637215189873,0,0,0,0,0,0,0,0,0,0,0,0,0,8.29686151898734,8.02610835443038,7.21680253164557,6.1682493670886,5.93097113924051,5.92014101265823,5.76851924050633,5.89848075949367,5.61689746835443,5.47709037974684,5.75768911392405,5.42293974683544,2.31173974683544,2.32256987341772,0.0433205063291139,0
386,0,0,0,0,0,0,0,0,0,0,0,0,0,0,2.38772101265823,3.28880379746835,2.20275670886076,1.29178278481013,0.49950253164557,0.227496202531646,0,0,0,0,0,0,0,0,1.66072227848101,7.10777265822785,8.34614329113924,7.21756430379747,6.79323443037975,3.75566556962025,3.64587392405063,3.47277898734177,3.73390506329114,3.33133569620253,3.08207898734177,3.5163,3.01778658227848,3.42925797468354,2.91887518987342,3.36496556962025,0,0,0,0
387,0,0,0,0,0,0,0,0,0,0,0,0,0,0,2.06476860759494,3.32932556962025,2.06476860759494,1.45474632911392,1.18767189873418,0.942853670886076,0.854840506329114,0.533137215189873,1.64291240506329,1.44260658227848,1.1988,1.16541569620253,0.444112405063291,0,0,0,0,0,0,4.96212151898734,4.2509346835443,4.5402653164557,5.40522227848101,4.76181569620253,5.32833721518987,5.66116860759494,5.5944,5.87159088607595,5.50537518987342,5.79470582278481,4.58376607594937,1.22105620253165,0,0
388,0,0,0,0,0,0,0,0,0,0,0,0,0,0,0,0.0223954430379747,0.916177215189873,3.29518405063291,3.27177063291139,2.26804759493671,0,0,3.20560227848101,1.19510227848101,0.793002278481013,0,2.27822734177215,3.27278860759494,3.27278860759494,3.22799772151899,3.25039316455696,8.00840683544304,4.4231,4.54627493670886,6.85809544303797,6.51096607594937,6.6127635443038,6.44479772151899,6.37761139240506,4.47908860759494,4.50148405063291,4.19914556962025,4.61346126582278,1.65319088607595,1.31725924050633,0.235152151898734,0,0
389,0,0,0,0,0,0,0,0,0,0,0,0,0,0,0,0,0,0,0,0,0.0222562025316456,2.74155949367089,3.07439088607595,1.3434653164557,1.03187848101266,0,0,0,1.01063392405063,2.69704708860759,4.62827848101266,3.85234632911392,7.43660658227848,6.34908759493671,6.30558683544304,6.49274126582278,6.41585620253164,7.0926470886076,6.69405873417722,6.00512810126582,5.80482227848101,5.50537518987342,5.30608101265823,1.73193721518987,0,0,0,0
390,0,0,0,0,0,0,0,0,0,0,0,0,0,0,1.94041518987342,0,0,0,0,0,0,0,0,0,0,0,0,0,0.0667017721518987,0,0,0,8.70458126582279,7.24118481012658,6.50847594936709,7.20783392405063,7.00873924050633,6.81975088607595,6.63076253164557,5.89906430379747,4.65800708860759,4.62364556962025,4.29114734177215,4.4579017721519,4.54683746835443,3.0601964556962,3.29365265822785,1.87371341772152
391,0,0,0,0,0,0,0,0,0,0,0,0,0,0,2.4,3.26683544303797,1.54430379746835,0,0.133670886075949,1.6779746835443,1.34379746835443,0.267341772151899,0,0,0,0,0,0,0,0,5.97772151898734,3.86632911392405,5.23341772151899,6.18835443037975,6.04455696202532,6.3453164556962,6.14379746835443,5.28911392405063,4.26632911392405,4.82227848101266,4.16708860759494,4.6106329113924,4.03341772151899,2.45569620253165,2.45569620253165,2,0,0
392,0,0,0,0,0,0,0,0,0,0,0,0,0,0,2.55339341772152,3.06326278481013,7.10377518987342,2.60903392405063,0,0,0,0,0,0,0,0,0,0,0,0,0.96510987341772,6.47149670886076,5.88271898734177,6.81545620253164,6.8933529113924,5.96061569620253,5.91610329113924,5.7390653164557,5.26156860759494,5.29394126582278,5.45074632911392,5.11690329113924,4.10728101265823,2.80832810126582,0.942853670886076,0,0,0
393,0,0,0,0,0,0,0,0,0,0,0,0,0,0,2.45569620253165,3.33367088607595,1.6,0,0,0,0,1.5220253164557,1.22227848101266,1.14430379746835,0.989367088607595,0.733164556962025,0,0,1.5220253164557,7.3893670886076,7.78835443037975,7.23341772151899,6.53367088607595,6,5.78835443037975,5.04506329113924,4.33316455696203,4.52151898734177,6.06683544303797,4.68962025316456,4.75544303797468,4.54379746835443,4.38886075949367,4.7220253164557,4.25620253164557,0.599493670886076,0,0
394,0,0,0,0,0,0,0,0,0,0,0,0,0,0,2.3328,0,0,0,0,0,0,0,0,0,0,0,0,0,2.67829063291139,5.82117265822785,3.92048202531646,5.04357265822785,5.92944607594937,5.75620860759494,5.72471088607595,5.8103453164557,5.34575392405063,5.56230075949367,1.40361721518987,0.626017215189874,0,0,0,0,1.81505620253165,3.02378126582279,1.39278987341772,1.32881012658228
395,0.863927088607595,0,0,0,0,0,0,0,0,0,0,0,0,0,0,0,0,0,0,0,0,0,0,0.152457721518987,0.0548050632911392,0,0,0,0,1.24656607594937,2.99534582278481,8.87842025316456,7.30302379746835,7.04095594936709,6.6912,6.58258632911392,6.66927797468354,6.55966784810127,6.24279493670886,6.12322025316456,6.36336607594937,6.24279493670886,5.98072708860759,5.07295594936709,4.98526784810127,4.55878481012658,2.76616101265823,0
396,0,0,0,0,0,0,0,0,0,0,0,0,0,0,0,0,0,0,0,0,0,0,0,0,4.57850632911392,1.25883544303797,1.73698987341772,1.54917974683544,0.533989873417722,6.31651139240506,4.15415696202532,3.59783291139241,3.33083797468354,3.27500253164557,3.12983037974684,3.41915949367089,3.27500253164557,3.0191746835443,3.28515443037975,3.208,6.17133924050633,6.97333924050633,6.79466582278481,6.49416962025317,3.24048607594937,2.43950126582279,0,0
397,0,0,0,0,0,0,0,0,0,0,0,0,0,0,1.87403088607595,0,0,0,0,0,0,0,0,0,0,0,0,0,0,3.08522126582278,6.23672658227848,4.05537873417722,4.14375746835443,4.66097392405063,6.71075797468354,6.19253721518987,6.00573670886076,5.90631063291139,5.79684151898734,5.90631063291139,5.38808987341772,4.91506278481013,4.62783189873418,3.90071594936709,2.17130481012658,2.48966911392405,2.93156278481013,1.69727341772152
398,0,0,0,0,0,0,0,0,0,0,0,0,0,0,2.20834936708861,0.132200506329114,0,0,0,0,0,0,0.57086582278481,1.5393346835443,1.2298653164557,1.65951696202532,0.61593417721519,0,0,0,5.56043341772152,4.46076556962025,4.89041721518987,7.0657164556962,7.77979949367089,7.78080101265823,6.64808303797468,5.79078278481013,5.02261772151899,5.15381670886076,4.24143291139241,4.71414987341772,4.65906632911392,4.94550075949367,3.14276658227848,0,0,0
399,0,0,0,0,0,0,0,0,0,0,0,0,0,0,2.19289518987342,0,0,0,0,0,0,0,0,0,0,0,0,0,0,0,0,0,0.155481518987342,4.99560101265823,5.49536303797468,6.01531746835443,5.88204759493671,5.64983493670886,5.81541265822785,5.4721417721519,5.28435240506329,5.8709417721519,5.68315240506329,5.28435240506329,0.35437670886076,0,0,0
400,0,0,0,0,0,0,0,0,0,0,0,0,0,0,8.15892151898734,4.03950075949367,1.77644962025316,0,0,0,0,0,0,0,0,0,0,0,0,0,0,6.7932,4.22867848101266,3.95148759493671,3.62978430379747,3.39710582278481,6.02738430379747,6.5483817721519,6.07189670886076,6.51600911392405,6.69304708860759,6.90448101265823,6.52713721518987,4.83870075949367,1.32120911392405,0.299447088607595,0,0
401,0,0,0,0,0,0,0,0,0,0,0,0,0,0,0,0,0,0,0,1.15824759493671,1.4187053164557,1.37430911392405,0.238752911392405,0,0,0,0,0.313733164556962,7.45856202531646,7.30662835443038,7.15568126582278,6.40785189873418,3.39877594936709,3.17186202531646,3.20441924050633,3.43133316455696,2.98835772151899,3.32280911392405,3.01992835443038,3.03176734177215,3.12845240506329,3.44218556962025,5.35812835443038,1.49368556962025,1.48283316455696,0,0,0
402,0,0,0,0,0,0,0,0,0,0,0,0,0,0,0,0,0,0,0,2.84510126582278,3.17649367088608,1.59360759493671,1.33629113924051,1.14427848101266,1.10139240506329,0,0.0214430379746835,1.43278481012658,2.12870886075949,2.10629113924051,2.97375949367089,8.68345569620253,6.37443037974684,5.62489873417721,5.63562025316456,5.52937974683544,5.20773417721519,5.12293670886076,5.56154430379747,5.08979746835443,5.16582278481013,5.30422784810127,4.94067088607595,5.39,2.66381012658228,0,0,0
403,0,0,0,0,0,0,0,0,0,0,0,0,0,0,0,0,0,0,0,0,0,0,0,0.277190886075949,0.388471898734177,0.0778967088607595,0,0,0,0,0.554381772151899,3.43049012658228,9.39009417721519,7.7927058227848,7.52563139240506,6.9378653164557,6.61515037974683,6.5382653164557,6.80432810126582,6.77094379746835,3.28481316455696,3.06427443037975,3.56301569620253,3.48511898734177,1.32120911392405,0,0,0
404,0,0,0,0,0,0,0,0,0,0,0,0,0,0,2.45999367088608,3.30501417721519,1.31368734177215,1.28021113924051,1.61395873417722,1.19094126582278,1.30252860759494,1.59164126582278,1.44657772151899,0.311430126582278,0,0,0,5.27605240506329,4.38538253164557,3.84063341772152,3.47239518987342,3.29486987341772,3.13864759493671,6.03281746835443,6.24381898734177,6.69016835443038,6.82305873417722,6.54409037974684,6.24483341772152,6.25497772151899,6.46699367088608,6.04397620253165,5.04171898734177,3.66209367088608,0.77908253164557,0,0,0
405,0,0,0,0,0,0,0,0,0,0,0,0,0,0,1.81640506329114,3.34319443037975,1.86080607594937,0,0,0,0,0,0,0,0,0.25429670886076,0.343098734177215,0,0,1.46119696202532,8.90240303797468,7.08599797468354,6.2121053164557,6.50979392405063,6.04560151898734,5.76910430379747,5.8235964556962,6.18990481012658,6.7762,5.65709265822785,5.63590126582278,5.80240506329114,5.3472946835443,2.15950379746835,0,0,0,0
406,0,0,0,0,0,0,0,0,0,0,0,0,0,0,2.36472481012658,3.22579848101266,1.62283088607595,0,0,0,0,0,0,0,0,0,0,0,0,0,1.65659848101266,1.61289924050633,8.29292405063291,7.24612860759494,7.40006911392405,6.08015341772152,5.75340227848101,5.64514734177215,5.87357518987342,5.63422253164557,5.52497443037975,5.75340227848101,5.12174962025316,2.15715341772152,0,0,0,0
407,0,0,0,0,0,0,0,0,0,0,0,0,0,0,3.26683544303797,4.43341772151899,2.21164556962025,1.45518987341772,1.24455696202532,0.889113924050633,0,0,0,0,0,0,0,0,0,0,0,2.96607594936709,9.77822784810127,6.86683544303798,6.02227848101266,6.15493670886076,5.93316455696203,5.8673417721519,5.65569620253165,5.89974683544304,5.74379746835443,5.52303797468354,3.45518987341772,3.03291139240506,0,0,0,0
408,0,0,0,0,0,0,0,0,0,0,0,0,0,0,2.05621037974684,3.23731037974684,1.0604982278481,0,0,0,0,0,0,0,0,0,0,0,0.164456962025316,9.31723443037975,6.60518962025316,6.45269316455696,6.03706556962025,5.46794481012658,5.1181,5.40216202531646,5.24966556962025,5.41312582278481,6.84639316455696,5.00846202531646,5.17291898734177,4.98653443037975,5.5118,4.97557063291139,1.91467772151899,1.91368101265823,1.90271721518987,1.89175341772152
409,1.57754126582278,0,0,0,0,0,0,0,0,0,0,0,0,0,0,0,0,0,0,0,0,0,1.95055594936709,1.32109367088608,1.0559035443038,0.510952405063291,1.88644405063291,3.21919443037975,3.54946784810127,3.25027898734177,3.25125037974684,3.22890835443038,4.1148182278481,4.2207,3.90111189873418,3.25027898734177,7.21550278481013,7.2057888607595,6.53261392405063,6.5335853164557,5.3611146835443,4.8929035443038,5.35042936708861,5.24357620253164,5.10563848101266,3.17645316455696,2.14192025316456,0.266161518987342
410,0,0,0,0,0,0,0,0,0,0,0,0,0,0,0,0,0,0,0,0,0,0,0.180703544303797,6.38260379746835,1.55868886075949,1.87661113924051,0.614585316455696,0,0,0,0,0,0,0,0,7.9635182278481,6.53045215189873,6.5207888607595,5.89557392405063,5.73612962025316,5.51290759493671,3.46718886075949,3.25556278481013,2.55497417721519,0,0,0,0
411,0,0,0,0,0,0,0,0,0,0,0,0,0,0,0,0,0,0,0.69852253164557,1.43949670886076,1.20697746835443,1.1433,0.909815949367089,0,0,0,0,0.900167848101266,3.36622253164557,8.14106784810127,7.90758379746835,6.41502253164557,5.59010987341772,5.35566101265823,5.31513898734177,5.67404835443038,6.57325139240506,6.32047113924051,5.7165,4.67932911392405,4.24419974683544,4.59442582278481,4.21332582278481,4.4043582278481,4.46707088607595,4.11780962025316,3.94896784810127,0
412,0,0,0,0,0,0,0,0,0,0,0,0,0,0,0,0,0,0,0,0,0,0,0.267826329113924,2.02726936708861,1.49063924050633,1.34108658227848,1.35086126582278,1.65192151898734,1.30785265822785,0.333316708860759,0,0,5.12584405063291,5.10531721518987,4.08581772151899,3.76520810126582,3.861,6.07007848101266,6.96055215189873,6.45617848101266,6.41414734177215,6.4991870886076,4.35462151898734,2.94902202531646,0,0,0,0
413,0,0,0,0,0,0,0,0,0,0,0,0,0,0,0,0,0,0,0,0.271225316455696,0,0,0,0,0,0,0,0,0,0,9.18899493670886,7.84177721518987,7.33100253164557,7.36366835443038,7.04888860759494,6.84299493670886,6.68956455696203,6.59354683544304,6.94000253164557,4.55044810126582,4.93154936708861,4.95233670886076,4.5722253164557,4.46432911392405,3.80111392405063,2.93299493670886,3.21411898734177,3.04188101265823
414,0,0,0,0,0,0,0,0,0,0,0,0,0,0,0,0,0,0,0,0,0,0,0,0,0,0,0,0,0,0,2.60806025316456,9.2217111392405,8.33843215189873,7.53074911392405,8.03306430379747,7.02843392405063,5.28176962025316,5.16240759493671,4.92268886075949,5.42400936708861,5.61001518987342,5.71843569620253,5.47871696202532,5.6318982278481,5.08581696202532,0.883278987341772,0,0
415,0,0,0,0,0,0,0,0,0,0,0,0,0,0,0,0.722495696202532,1.30939696202532,1.07767215189873,0.898566075949367,0.8216617721519,1.51076481012658,2.16445139240506,2.76450734177215,0.410830886075949,0,0,0,0,1.6433235443038,2.89807797468354,2.8424235443038,2.76450734177215,2.40933088607595,2.87581620253165,9.8589293670886,6.36180734177215,6.40633088607595,5.96210734177215,5.81841772151899,5.65044253164557,5.56341924050633,5.70609696202532,5.9287146835443,5.34080151898734,4.8186617721519,1.31040886075949,0,0
416,0,0,0,0,0,0,0,0,0,0,0,0,0,0,0,0,0,0,0.773055189873418,3.23616202531646,0.7952,0,0,0,0,0,1.74440708860759,1.57932759493671,3.55625518987342,8.69183797468354,7.5221893670886,6.81355544303797,6.67162734177215,6.53775189873418,6.43910683544304,4.74905518987342,4.66047594936709,4.87085164556962,4.53968607594937,4.76012759493671,4.61618632911392,4.35145518987342,4.6171929113924,4.43902784810127,4.3736,4.53968607594937,4.35145518987342,4.79334481012658
417,2.95373240506329,0,0,0,0,0,0,0,0,0,0,0,0,0,0,0,0,0,0,0,0,0,0,0,0,0,0.0212498734177215,0.322795696202532,0,3.16420734177215,3.36355139240506,3.30890886075949,2.3536764556962,1.46624126582278,2.63093670886076,8.7488764556962,5.87306025316456,7.08430303797468,6.8171617721519,6.17258227848101,6.0622853164557,5.70710886075949,4.67396025316456,1.83153670886076,1.29927797468354,1.29927797468354,1.18796911392405,0
418,0,0,0,0,0,0,0,0,0,0,0,0,0,0,2.40933088607595,3.25325443037975,2.58641316455696,0,0.366307341772152,0,0,0,0,0,0,0,0,0,0,2.05415443037975,6.96186329113924,4.47461620253164,4.0192617721519,4.3744382278481,6.71698379746835,6.7949,6.62793670886076,6.62894860759494,6.53888962025316,6.52877063291139,6.3284146835443,5.79615594936709,5.85079848101266,4.97449417721519,3.43033670886076,3.46372936708861,0,3.50926481012658
419,3.8798582278481,0,0,0,0,0,0,0,0,0,0,0,0,0,2.01772835443038,3.35850227848101,1.34178430379747,0,0,0,0,3.02608734177215,6.43005670886076,0.532470126582278,0,0,0.276844050632911,6.91807012658228,4.12437012658228,5.94204329113924,6.79581417721519,6.65132987341772,6.69578658227848,4.97814101265823,5.22164253164557,7.09488658227848,5.70965594936709,5.81978734177215,5.78644481012658,5.84302607594937,6.75135746835443,6.24111569620253,5.93092911392405,5.85414025316456,1.26398506329114,0,0,0
420,0,0,0,0,0,0,0,0,0,0,0,0,0,0,2.44302379746835,3.34000860759494,2.02375898734177,0,0,0,0,0,0,0,0,1.91289569620253,1.49262303797468,6.09344962025317,4.14729493670886,3.7481870886076,3.49521721518987,3.32791443037975,3.26240430379747,5.2196453164557,6.98841873417722,6.92290860759494,6.44720430379747,6.26982303797468,6.12670860759494,5.84955037974684,5.08660936708861,4.87697696202532,5.20855898734177,3.1848,1.20538632911392,0,0,0
421,0,0,0,0,0,0,0,0,0,0,0,0,0,0,2.11409367088608,0.0777017721518987,0,0,1.17359949367089,0.177604050632911,0,0,0,0,0,0,0,0,0,0.65289670886076,6.94270379746835,4.12929417721519,3.6651017721519,3.7428035443038,3.49859797468354,3.39970481012658,3.84169670886076,5.70250278481013,5.94569924050633,6.5430946835443,6.0567017721519,7.34130379746835,7.60670075949367,5.28069316455696,0.642805569620253,0,0,0
422,0,0,0,0,0,0,0,0,0,0,0,0,0,0,1.51088607594937,3.39949367088608,2.03341772151899,0,0,0,0,0,0,0,0,0,2.12253164556962,6.48911392405063,4.4,3.66683544303798,3.58886075949367,3.55544303797468,3.44405063291139,3.15544303797468,4.61164556962025,4.06683544303798,3.6,3.56658227848101,3.61113924050633,4.65518987341772,4.82227848101266,5.45518987341772,5.74481012658228,5.5220253164557,5.44506329113924,4.64405063291139,1.09974683544304,0
423,0,0,0,0,0,0,0,0,0,0,0,0,0,0,0,0,0,0,0,0,0,1.49232911392405,1.56034683544304,1.16949873417722,1.14716455696203,0.835501265822785,0,0,0,0,0,0,0.389832911392405,6.38249873417722,3.62016708860759,3.24150126582279,3.11866329113924,3.54199746835443,3.81000759493671,4.8231670886076,4.85565316455696,5.2241670886076,6.14900506329114,5.72567088607595,6.0038329113924,5.83632658227848,5.84850886075949,5.45766075949367
424,4.17051493670886,4.49008303797468,3.5394435443038,0.255049620253165,0,0,0,0,0,0,0,0,0,0,0,0,0,0,0,0,0,0,0,0,2.91946126582278,0.388118987341772,0,2.73195443037975,1.90228708860759,1.38210683544304,1.32766936708861,0.376021772151899,0,5.46390886075949,3.982,3.41847139240506,4.48000202531646,5.60705924050633,5.84093873417721,5.5526217721519,5.81775240506329,3.37411493670886,1.29440202531646,1.32666126582278,1.29440202531646,0.63006329113924,0,0
425,0,0,0,0,0,0,0,0,0,0,0,0,0,0,2.33652151898734,0.0544784810126582,0.830292405063291,1.66058481012658,1.29537721518987,1.32866962025316,0,0,0,0,0,0,0,0,0,0,0,0,0,0.0655759493670886,0.797,7.49482658227848,7.37174556962025,6.58685189873418,5.59009746835443,5.39034303797468,5.19159746835443,5.42363544303798,4.75980506329114,2.05908481012658,2.05908481012658,0.985656962025316,0,0
426,0,0,0,0,0,0,0,0,0,0,0,0,0,0,2.6132435443038,3.28125265822785,2.17939240506329,0,0,0.323361012658228,0,0,0,0,0,0,0,0,0.767348860759494,0.611243544303797,0,0,7.29640303797468,4.68214582278481,4.67200911392405,3.59244962025316,3.99284962025316,3.75869164556962,5.3613053164557,5.63905113924051,5.61675037974684,5.74954126582278,3.84890835443038,1.37859240506329,1.3907564556962,1.37859240506329,0.934604556962025,0
427,0,0,0,0,0,0,0,0,0,0,0,0,0,0,2.70637367088608,3.31450227848101,2.15462784810127,0,0,0,0,0,0,0,0,0,0,0,6.26352329113924,5.76614658227848,6.56255341772152,6.3632,5.72184582278481,4.79455037974683,5.09358050632911,4.91537063291139,4.83885113924051,4.45222632911392,5.03719772151899,5.13687443037975,5.39160379746835,5.32414582278481,5.60102556962025,5.33622784810127,5.63425113924051,2.81712556962025,0,0
428,0,0,0,0,0,0,0,0,0,0,0,0,0,0.341032911392405,1.57376658227848,0,1.33103139240506,1.12340253164557,0.923797974683544,0.671032405063291,1.30996759493671,0.715166075949367,0,0,0,0,0,0,0,0,0,0,0,0,0.0662005063291139,7.94606683544304,6.49366784810127,6.27299949367089,5.72233164556962,5.3823017721519,5.32613164556962,4.89783443037975,4.84266734177215,5.83266582278481,5.56886683544304,2.91683443037975,2.90479797468354,2.03616708860759
429,0,0,0,0,0,0,0,0,0,0,0,0,0,0,0.055459493670886,0,0,0,0,0,0,0,0,0,1.85839721518987,1.21708379746835,1.36127848101266,1.51555670886076,1.42782987341772,0.298472911392405,0,0,0,1.37136202531646,4.64750556962025,8.85133518987342,6.95865392405063,6.48371898734177,6.61581341772152,6.33952430379747,6.17415417721519,5.58729189873418,5.28781063291139,4.30466506329114,2.36761620253165,1.96931620253165,0,0
430,0,0,0,0,0,0,0,0,0,0,0,0,0,0,0,0,0,0,0,0,0,0,0,0,0,0,0,0,0,4.62177215189873,4.46683544303797,3.87746835443038,3.58886075949367,3.35594936708861,3.2779746835443,3.54430379746835,3.02177215189873,3.05620253164557,3.25569620253165,2.87696202531646,3.35594936708861,5.09974683544304,3.40050632911392,2.19949367088608,2.20050632911392,2.18835443037975,2.20050632911392,2.01113924050633
431,0,0,0,0,0,0,0,0,0,0,0,0,0,0,0,0,0,0,0,0,0,1.80067443037975,1.1934,1.31525772151899,1.51365417721519,1.52473215189873,0.97284759493671,1.45826430379747,1.56904405063291,1.08262025316456,0,0,0,0,0.166169620253165,8.77375594936709,7.13824405063291,5.90053215189873,5.6689017721519,5.42518632911392,5.50373924050633,5.62358278481013,5.22678987341772,5.64674582278481,3.34856962025317,2.35356607594937,1.21555594936709,0
432,0,0,0,0,0,0,0,0,0,0,0,0,0,0,2.24504151898734,2.98700405063291,1.65832658227848,0,0,0,0,0,0,0,0,0,0,0,0,0,0,0,0,1.30549113924051,10.4640911392405,6.89037215189873,6.8802911392405,6.52644759493671,6.31575443037975,6.09498025316456,5.85101974683544,4.99917417721519,4.08180202531646,6.18369316455696,2.58779594936709,2.55553670886076,1.5706217721519,0
433,0,0,0,0,0,0,0,0,0,0,0,0,0,0,2.76036075949367,3.23534810126582,1.29112025316456,0,0.143905063291139,0.132835443037975,0,0,0,0,0,0,0,0,0,0,0,0,0,1.71075949367089,6.45962658227848,7.89465189873418,7.45387974683544,6.76856962025316,6.52503797468354,6.5481835443038,6.71322151898734,6.38213924050633,7.02216455696203,6.64680379746835,5.68676582278481,2.68287341772152,2.69394303797468,0.321018987341772
434,0,0,0,0,0,0,0,0,0,0,0,0,0,0,2.60341974683544,2.99056405063291,0.970374683544304,0,0,5.81520911392405,1.40075848101266,1.38969721518987,0.243347848101266,0,0,0,0,1.01461974683544,5.7820253164557,3.81714227848101,2.94631898734177,0.209158481012658,0.199102784810127,0,0,0.386138734177215,4.84382886075949,5.15253873417721,5.28426835443038,5.08617113924051,5.46225417721519,4.8760070886076,5.20784506329114,4.34707746835443,2.01918379746835,1.986,2.00812253164557,2.01918379746835
435,0.985656962025316,0,0,0,0,0,0,0,0,0,0,0,0,0,2.33551265822785,3.22129240506329,0.89586835443038,0,0,0.29963164556962,0,0,0,0,0,0,0,0,0,0,0,0,0,0,6.54145316455696,4.0959746835443,4.10707215189873,5.26927974683544,5.52351265822785,5.70006329113924,5.44683924050633,5.61229240506329,5.50131772151899,5.13611012658228,2.21344050632911,2.19225443037975,2.20234303797468,0.27743670886076
436,0,0,0,0,0,0,0,0,0,0,0,0,0,0,2.31974886075949,0,0,0,0,0,0,0,0,0,0,0,0,0,0,0,0,0,0,0.607121772151899,6.84950151898734,6.84950151898734,6.1749217721519,6.13162784810127,6.11954582278481,6.10947746835443,5.34730303797468,5.43489772151899,5.1701,4.08775189873418,2.23114734177215,2.27544810126582,2.24322936708861,0.198346582278481
437,0,0,0,0,0,0,0,0,0,0,0,0,0,0,0,0,0,0,0,0,7.820137721519,2.88184506329114,1.65683443037975,0.574758481012658,0.320093164556962,0.573751898734177,3.36903088607595,0.077506835443038,0,0,0,0,0,0,5.93078278481013,3.93171037974684,3.51196556962025,3.52303797468354,3.34688607594937,2.98149670886076,3.28045164556962,3.14758278481013,6.3616,5.84321012658228,5.10236556962025,1.96585518987342,1.95478278481013,0.121796455696203
438,0,0,0,0,0,0,0,0,0,0,0,0,0,0,0,0,0,0,0,0,0,0.879664303797468,1.24376708860759,1.4203017721519,0.9568982278481,1.12239949367089,1.72823443037975,1.27686734177215,1.16653316455696,0.923797974683544,0.0882673417721519,2.58683493670886,3.55476658227848,3.25786734177215,3.35616506329114,10.3012,6.83470075949367,5.9981670886076,5.64509772151899,5.42643544303797,5.68923139240506,4.39130025316456,2.1575346835443,0,0,0,0,0
439,0,0,0,0,0,0,0,0,0,0,0,0,0,0,1.96019088607595,3.27842430379747,1.36163620253165,0,0,0,0,0,0,0,0,0,0,0,0.277575949367089,0,0,0,0,0.354287848101266,9.54659392405063,7.3754453164557,6.39030303797468,6.21366379746835,5.9138817721519,6.01380911392405,5.83616050632911,6.41250911392405,2.04901518987342,1.61700607594937,1.62810911392405,1.62810911392405,1.05176050632911,0
440,0,0,0,0,0,0,0,0,0,0,0,0,0,0,2.4513364556962,0,1.28627544303797,1.54974151898734,1.1871,1.17608050632911,1.03282708860759,0,0,0,0,0,0,0,0,0,2.33012202531646,5.4626635443038,3.92394151898734,4.92471189873418,6.59466607594937,7.02442632911392,6.0116346835443,5.79324835443038,4.24250506329114,4.5069729113924,4.02211518987342,4.56207037974684,3.76966860759494,1.29729493670886,1.30831443037975,1.30831443037975,0,0
441,0,0,0,0,0,0,0,0,0,0,0,0,0,0,0,0,0,0,0,1.77628303797468,1.32466860759494,0,0,0,0,0,0,0,0,0,0,0,0,0,0,5.3741111392405,8.06770455696203,6.86474050632911,6.37892810126582,6.38898632911392,5.51894962025316,4.75653594936709,4.00619215189873,1.31259873417721,1.31360455696203,1.33573265822785,1.32366278481013,0.0442562025316456
442,0,0,0,0,0,0,0,0,0,0,0,0,0,0,2.60394936708861,2.98853265822785,2.12121721518987,1.64850025316456,1.34003240506329,1.16576810126582,0.758149873417722,0.758149873417722,1.46121620253165,0.132200506329114,0,0,0,0,0,0,0,0,0,0,0,0,0,6.64808303797468,6.8353670886076,5.96604860759494,5.87991797468355,6.24146632911392,5.40619949367089,4.4617670886076,2.3736,0,0,0
443,0,0,0,0,0,0,0,0,0,0,0,0,0,0.0220891139240506,0,0,0,0,0,0,0,0,0,0,0,0,0,0,0,0,0,0,0,2.76515544303797,7.83259898734177,7.76733569620253,6.77432962025316,6.80846734177215,5.949,3.03022481012658,3.22802278481013,3.02922075949367,3.1728,2.8645564556962,3.15071088607595,2.74306632911392,3.13966632911392,0.892601012658228
444,0,0,0,0,0,0,0,0,0,0,0,0,0,0,0,0,0,0,0,0,0,0,0,0,0,0.330998987341772,0.0442673417721519,0,0,0,0,0.839067341772152,3.44379797468354,3.35526329113924,3.34520253164557,3.32306886075949,3.66412860759494,9.78107037974683,7.32926329113924,6.34733316455696,5.75173620253164,4.59173063291139,4.65913772151899,2.12986278481013,1.29180151898734,1.31393518987342,1.2807346835443,0
445,0,0,0,0,0,0,0,0,0,0,0,0,0,0,0,0,0,0,0,0,0,1.51479569620253,1.41501873417722,1.24973164556962,1.1943,0.74076835443038,0.254985569620253,0.209632405063291,0,0,0,1.70326329113924,2.5095417721519,1.62565898734177,1.61457265822785,3.05277189873418,4.68850936708861,3.3500870886076,3.34000860759494,3.27349063291139,2.45511797468354,9.26615544303798,4.78828632911392,3.66050430379747,2.20114025316456,0,0,0
446,0,0,0,0,0,0,0,0,0,0,0,0,0,0,0.0655101265822785,0,0,0,0,1.0733582278481,1.51479569620253,1.20538632911392,1.05017772151899,0.895976962025317,0,0,0,0,0,0,0,0,0,0,0,0.298323037974684,0.951408607594937,6.50263594936709,3.78144607594937,3.54964101265823,3.34000860759494,6.07127696202532,5.9271546835443,6.23656405063291,3.47203670886076,1.73652227848101,0,0
447,0,0,0,0,0,0,1.87457518987342,0.273791898734177,0,0,0,0,0,0,0,0,0,0,0,0,0,0,0,0,0,0,0,0,0,1.6887164556962,1.94052506329114,3.30049139240506,9.14404987341772,4.12186708860759,3.56329164556962,3.57428329113924,6.21627518987342,5.48283265822785,5.26200050632911,2.79587493670886,3.2125582278481,3.1026417721519,3.19057493670886,2.96074962025316,3.14660835443038,2.6529835443038,0,0
448,0,0,0,0,0,0,0,0,0,0,0,0,0,0,0,0,0,5.88844430379747,1.40577721518987,0.912153164556962,0.691874683544304,0.824041772151899,0.176222784810127,0,0,0,0,0,0,0,0,0,0,0.636805063291139,0.253320253164557,0,0,0,0.834054430379747,2.91168101265823,8.44868101265823,1.31766582278481,1.30765316455696,1.31866708860759,1.33969367088608,1.31866708860759,0.94519493670886,0
449,0,0,0,0,0,0,0,0,0,0,0,0,0,0,0,0,0,0,0,0,0,0,0,0,0,0,0,0,0,0,0,0,0.0878589873417721,7.12566683544304,7.93356556962025,7.26805898734177,6.61568075949367,4.47676886075949,3.45679670886076,2.83673443037975,3.28006886075949,2.84784303797468,2.96902784810127,3.05789670886076,2.7923,2.81451721518987,3.07001518987342,2.96902784810127
450,2.60363392405063,0.834844556962025,0,0,0,0,0,0,0,0,0,0,0,0,0,0,0,2.10813265822785,1.46047746835443,0.63764506329114,0,0,0,0,0,0,0,0,0,0,0,0,0,0,0,0,0,0,0,0,0,0,0,0,0,0,0,0
451,0,0,0,0,0,0,0,0,0,0,0,0,0,0,0,0,0,0,0,0,0,0,0,0,0,0,0,0,0,0,0,0,0,0,0,0,0,0,0,0,0,0,0,0,0,0,0,0
452,0,0,0,0,0,0,0,0,0,0,0,0,0,0,0,0,0,0,0,0,0,0,0,0,0,0,0,0,0,0,0,0,0,3.46181974683544,5.5748,3.87110886075949,3.69469113924051,3.40738227848101,3.40637417721519,3.45073063291139,2.99809316455696,3.35092860759494,2.98700405063291,3.21886734177215,2.97490683544304,3.27431291139241,1.81458227848101,0
453,0,0,0,0,0,0,0,0,0,0,0,0,0,0,0,0,0,0.991247848101266,1.1680053164557,1.13486329113924,1.37790481012658,4.45207873417722,3.92281063291139,3.34935316455696,3.46083088607595,3.37144784810127,3.02998455696203,3.37245215189873,2.99684253164557,3.1956946835443,2.98679949367089,3.21778936708861,2.84318405063291,3.21678506329114,2.7548053164557,3.1956946835443,2.98679949367089,2.94160582278481,3.14146227848101,3.41563721518987,5.1791946835443,5.24547873417722,4.7383053164557,5.1791946835443,5.16814734177215,4.7604,5.1571,3.01893721518987
454,2.16583139240506,0,0,0,0,0,0,0,0,0,0,0,0,0,0,1.87932455696203,1.14302202531646,0.955690632911392,0,0,0,0,0,0,0,0,0,0,0,4.80349746835443,4.51799240506329,3.61639746835443,3.55028050632911,3.41804658227848,3.12152202531646,3.47414582278481,3.25275417721519,2.92417291139241,3.30885341772152,2.8460346835443,3.15458050632911,2.96825088607595,2.97826860759494,3.22069746835443,2.74786101265823,3.15458050632911,2.83601696202532,3.01232886075949
455,3.1884582278481,2.72678556962025,0.462678481012658,0,0,0,0,0,0,0,0,0,0,0,0,0,0,0,0,0,0,0,0,0,5.7613529113924,4.12789670886076,3.56463594936709,3.54250784810127,3.38761113924051,3.45399544303797,3.7748529113924,3.54250784810127,3.54250784810127,3.22265620253165,3.00137518987342,3.35542481012658,2.84748430379747,3.26691240506329,2.73684379746835,3.18946405063291,2.85854835443038,3.16733594936709,0.981683037974683,0,0,0,0,0
456,0,0,0,0,0,0,0,0,0,0,0,0,0,0,0,0,0,0,0,0,0,0,0,0,0,0,0,0,0,0,0,0,0,0,4.62531139240506,7.913977721519,6.67523341772152,6.0948217721519,5.94097772151899,5.64527746835443,6.38952303797468,5.87504455696203,1.85312151898734,0,0,0,0,0
457,0,0,0,0,0,0,0,0,0,0,0,0,0,0,0,0,0,0,0,0,0,1.53658227848101,1.75825316455696,1.38141265822785,1.23833417721519,1.10533164556962,0,0,0,0,0,0,0,0.232754430379747,0,1.35924556962025,1.45899746835443,1.09525569620253,5.89241518987342,7.29700253164557,5.9589164556962,5.78157974683544,6.06975189873418,5.79266329113924,6.13625316455696,4.11300253164557,2.388,0
458,0,0,0,0,0,0,0,0,0,0,0,0,0,0,0,0,0,0,0,0,0,0,0.252956962025316,1.29991772151899,1.39828987341772,1.06804050632911,0.859250632911392,0.726749367088608,1.35512658227848,1.36616835443038,0.286082278481013,0.0552088607594937,1.01283164556962,0.7819582278481,0.793,0.7819582278481,6.82883417721519,7.79749873417722,7.5776670886076,5.02300253164557,4.48195569620253,5.25387594936709,6.52066835443038,3.50224936708861,0,0,0,0
459,0,0,0,0,0,0,0,0,0,0,0,0,0,0,0,0,0,0,0,0,0,1.24020101265823,1.40569569620253,4.18580455696203,3.49859797468354,1.5166982278481,1.40569569620253,1.60550025316456,1.52880759493671,1.2835929113924,1.61660050632911,2.60250481012658,0,2.87900202531646,5.03749670886076,6.35539949367089,5.09299797468354,4.87200202531646,4.18479544303797,4.62880556962025,4.01930075949367,4.40680050632911,4.35129924050633,3.68730227848101,1.30579341772152,0.498502278481013,0,0
460,0,0,0,0,0,0,0,0,0,0,0,0,0,0,0,0,0,0,0,0,0,1.80719797468354,1.27880101265823,0.959351898734177,1.53194936708861,1.09094886075949,0.3968,0,0,0,0,0,6.6029529113924,5.36734784810127,6.57984810126582,5.35730227848101,5.41154835443038,4.78370025316456,4.77265012658228,4.56370227848101,4.92634734177215,4.64105316455696,4.88214683544304,2.97650227848101,1.5872,1.35514734177215,0,0
461,0,0,0,0,0,0,0,0,0,0,0,0,0,0,0,0,0,3.01647898734177,4.46330151898734,2.30867367088608,1.57972481012658,1.33607063291139,1.28170151898734,0.99475341772152,0.7954,0.629272151898734,0.442000759493671,0,0,0,0,0,0,0,0,0,0,0,2.80605037974684,6.9703217721519,6.33098126582278,4.92644582278481,5.01605417721519,3.75549620253165,1.73477746835443,1.73377063291139,1.72370227848101,0.275872911392405
462,0,0,0,0,0,0,0,0,0,0,0,0,0,0,0,0,0,0,0,0,0.298127848101266,0,0,0,0,0,1.14533291139241,1.34308101265823,1.1784582278481,0,0,0,0,0,0,0,0,0,0.165626582278481,1.5528746835443,3.39183164556962,3.31554303797468,9.37245696202532,6.97237721518987,5.5068329113924,4.8021670886076,1.6191253164557,0
463,0,0,0,0,0,0,0,0,0,0,0,0,0,0,0,0,0,0.72766582278481,1.46638734177215,1.27944556962025,0,0,0,0,0,0,0,0,0,0,0,0,0,0,0,0.782944303797468,0.518612658227848,0,6.45150126582278,5.99821772151899,5.47055949367089,5.06149873417722,4.99516455696202,5.0072253164557,1.97394430379747,1.96288860759494,0.583941772151899,0
464,0,0,0,0,0,0,0,0,0,0,0,0,0,0,0,0,0,0,0,0,1.9685,5.41412253164557,1.27877746835443,0,0,0,0,0.0438551898734177,0,0,0,0,0,0,0,0,0,0,6.63808101265823,5.68722075949367,5.26062936708861,5.13903088607595,4.81211037974684,2.82168278481013,1.94657240506329,1.68443797468354,1.31266556962025,1.30070506329114
465,0.783733164556962,0,0,0,0,0,0,0,0,0,0,0,0,0,0,0,0,1.52319898734177,1.20326683544304,1.12680506329114,1.33506278481013,0.596603037974684,0.297798481012658,0,0,0,0,0,0,0,0,0,0,0,0,0,0,0,0,1.48999848101266,2.75966632911392,1.84413721518987,2.81500050632911,4.17219696202532,1.77773620253165,1.77673012658228,1.20326683544304,0.0442673417721519
466,0,0,0,0,0,0,0,0,0,0,0,0,0,0,0,0,0,0,0,0,1.96201113924051,1.33764405063291,1.35862278481013,1.30467746835443,0.833155443037975,0,0,0,0,0.207789367088608,0.131866329113924,0,0,0,0,0,1.35862278481013,1.45852151898734,1.10687797468354,1.36961164556962,1.17281113924051,0.921066329113924,0.679311392405063,0.866122025316456,0,0,0,0
467,0,0,0,0,0,0,0,0,0,0,0,0,0,0,0,0,0.209052911392405,0,0,0,0,0,0,0,0,0,0,0,0,0,0,0,0.910230379746835,0.154038987341772,0,0,0,0.582147341772152,0,0,0,0,0,0,0,0,0,0
468,0,0,0,0,0,0,0,0,0,0,0,0,0,0,0,0,0,0,0,0,0,0,0,1.3015346835443,1.62239215189873,0.275595443037975,0,0,0,0,0,0,0,0,0,0,0,1.54594962025316,1.42323924050633,0.971624810126582,0.926362784810126,0.132768607594937,2.58194708860759,2.56082481012658,2.52763265822785,0.308787594936709,0,0
469,0,0,0,0,0,0,0,0,0,0,0,0,1.98197772151899,1.30235696202532,0.569843544303797,0.514954936708861,1.42311189873418,1.24846632911392,0.920132658227848,0.995978734177215,0.416155443037975,0,0,0,0,0,0,0,0,0,0,0.175643544303797,0.0758460759493671,0.383222278481013,0,0,0,0.186621265822785,1.7953564556962,0.635709873417722,0,1.12771139240506,2.57277873417722,2.56279898734177,2.52886784810127,1.99295544303798,0,0
470,0,0,0,0,0,0,0,0,0,0,0,0,2.12253215189873,0,0,1.72873215189873,1.35586835443038,1.12656708860759,0.864366075949367,0.197398481012658,0,0,0,0,0,0,0,0,0,0,0,0,0,0,0,0.338967088607595,1.71676860759494,1.23623291139241,0.349933670886076,0,0.032899746835443,0,0.492499240506329,2.74563341772152,2.71273367088608,2.66886734177215,1.13853063291139,0
471,0,0,0,0,0,0,0,0,0,0,0,0,1.91479949367089,1.29793113924051,1.22170025316456,1.54066632911392,1.40926835443038,0.825500253164557,0,0,0,0,0,0,0,0,0,0,0,0,0,0,0,0,0,0,0,0,0,0,0,0,2.70719949367089,2.66306582278481,2.67409924050633,2.63096860759494,2.38823341772152,0
472,0,0,0,0,0,0,0,0,0,0,0,0,0,0,0,0,0,0,0,0,1.19509164556962,1.6337582278481,0.723450126582278,0,0.163875443037975,0,0,0,0,0,0,1.93053265822785,1.31500050632911,1.15112506329114,0,0,0,0,3.34445797468354,3.5523,3.0476835443038,2.8178582278481,1.73268303797468,1.30400886075949,1.33798303797468,1.30500810126582,1.30400886075949,0.186857974683544
473,0,0,0,0,0,0,0,0,0,0,0,0,0,0,0,0,0,0,0,0,0,1.56979443037975,1.29465518987342,0.801405569620253,0,0,0,0,0,0,0,0,0,0.0550278481012658,0.582294683544304,0.647327594936709,0.3952,1.82192202531646,1.33967797468354,1.19660556962025,0.724366582278481,0,0,0,0,0,0,0
474,0,0,0,0,0,0,0,0,0,0,0,0,2.1387017721519,0,0,1.64245063291139,1.55404962025316,0.980447594936709,1.27880101265823,0,0,0,0,0,0,0,0,0,0,0,0,0.231048101265823,0.61780253164557,0.319449113924051,0,0,1.53194936708861,1.11304911392405,2.05030075949367,3.11914936708861,2.5355017721519,2.48025113924051,1.44354835443038,1.40035240506329,1.31094683544304,0,0,0
475,0,0,0,0,0,0,0,0,0,0,0,0,2.06561139240506,0,0,0,0.307388607594937,0,0,0,0,0,0,0,0,0,0,0,0,0,0,0.275348101265823,0.570721518987342,0,0,0,0,0,0,0,1.75822278481013,4.2513746835443,3.96601392405063,2.77951392405063,1.44983291139241,1.46084683544304,1.43982025316456,0.0660835443037975
476,0,0,0,0,0,0,0,0,0,0,0,0,2.01184405063291,0.316872911392405,0,0.174379746835443,0.0438440506329114,0,0,0,0,0,0,0,0,0,0,0,0,0,0,0,0,0.186337215189873,0.0219220253164557,0,1.32229670886076,1.59632202531646,1.16983898734177,2.62466430379747,3.44375088607595,2.77712202531646,2.01184405063291,2.01184405063291,0.502213670886076,0,0,0
477,0,0,0,0,0,0,0,0,0,0,0,0,0,0,0,0,0,0,0,0,0,0,0,0,0,0,0,0,0,0,0,0,0,0,0,0,0,1.29237721518987,1.38019898734177,1.19357772151899,1.37920101265823,3.02186734177215,2.72646683544304,0.263465316455696,0,0,0,0
478,0,0,0,0,0,0,0,0,0,0,0,0,1.62728911392405,0.560132151898734,0,0,0,0,0,0,0,0,0,0,0,0,0,0,0,0,0.066133670886076,1.53911088607595,1.5832,1.33068962025316,0.988998987341772,0.868755949367089,0.681377215189873,0.539089620253165,0.528067341772152,0.428866835443038,0.417844556962025,0.351710886075949,0.0871762025316456,1.80364556962025,2.39684455696203,2.36377772151899,2.35275544303797,1.47297721518987
479,0,0,0,0,0,0,0,0,0,0,0,0,0,0,0,0,0,0,1.02048303797468,1.61218329113924,1.17340556962025,1.38130025316456,1.49124455696203,0.361816708860759,0,0,0,0,0,7.77606075949367,7.41324455696202,6.66762227848101,6.3387888607595,6.67861670886076,4.61666126582278,4.5077164556962,4.09092759493671,4.36478886075949,4.3428,4.00197265822785,4.41976101265823,4.64964455696203,1.75511088607595,1.30533873417722,1.30433924050633,0.537727594936709,0,0
480,0.0249630379746835,0,0,0,0,0,0,0,0,0,0,0,0,0,0,0,0,0,0.301573670886076,0.351247594936709,1.30866835443038,1.45012556962025,1.39389569620253,1.07895797468354,0.771836962025317,0.348726075949367,0.315442025316456,0.445300253164557,0.534057721518987,0.28493164556962,0.165915949367089,0,0,0.0138683544303797,0.146752405063291,0.163142278481013,0.442526582278481,0.95742075949367,0.98213164556962,1.12611037974684,1.49929518987342,1.21209417721519,1.09257417721519,1.20099949367089,0.757968607594937,0.0055473417721519,0,0
481,0,0,0,0,0,0,0,0,0,0,0,0,0,0,0,0,0,0,0,0,0,0,0,0,0,0,0,0,0,0,0,0,0,0,0.360533670886076,0,0,0,0,0,0.251975189873418,0,0,0,0,0,0,0
482,0,0,0,0,0,0,0,0,0,0,0,0,1.37642506329114,0,0,0,0,0,0.542467594936709,1.65902202531646,1.28947215189873,1.00885139240506,0.856683797468354,0.661039746835443,0.162048607594937,0,0,0,0.640289620253165,0,0,0,0,0,0.488122025316456,0.83395746835443,9.5628440506329,6.7220529113924,2.99197063291139,0,0.314216202531646,0,0,0,0,0,0,0
483,0,0,0,0,0,0,0,0,0,0,0,0.487035189873418,2.83246759493671,1.0507053164557,0,0,0,0,0,0,0,0,0,0,0,0,0,0,0,0,0,0,0.188562278481013,0,0,0,0,0,5.42091341772152,4.0828270886076,3.52924050632911,2.20224607594937,0,0,0,0,0,0
484,0,0,0,0,0,0,0,0,0,0,0,0,1.57297215189873,1.35241518987342,0.462167088607595,0,0,0,0,0,0,0,0,0,0,0,0,0,0,0,0,0,0,0,0,4.93947341772152,4.25674936708861,5.29035949367089,5.92897215189873,5.47883544303797,4.52041518987342,1.30930632911392,0.803027848101266,0,0,0,0,0
485,0,0,0,0,0,0,0,0,0,0,0,0,2.25370632911392,3.05247569620253,1.22557746835443,0,0,0,0,0,0,0,0,0,0,1.10491443037975,6.21564227848101,3.81833696202532,3.23895493670886,2.97569012658228,3.41446481012658,2.2207982278481,1.52075316455696,0.83167746835443,0,0,0,0,0,0,0.0219387341772152,2.44018556962025,2.39630810126582,1.5756,1.31233518987342,0.23035670886076,0,0
486,0,0,0,0,0,0,0,0,0,0,0,0,0,0,0,0,0,0,0,0,0,0,0,0,0,0,0,0,0,0,0,0,0,0,0.340258227848101,0,0,0,0,0,0.867658481012658,8.63054987341772,4.64452481012658,2.41583341772152,0,0,0,0
487,0,0,0,0,0,0,0,0,0,0,0,0,0,0,0,0,0,0,1.19690835443038,1.39405797468354,1.14186658227848,1.54917569620253,1.4160746835443,1.0207746835443,1.1859,0.911691898734177,1.25195012658228,1.76734126582278,2.11960860759494,0,0,0,0,0,0,0,0,0,0,0.0330250632911392,0,0,0,0,0,0,0,0
488,0,0,0,0,0,0,0,0,0,0,0,0,0,0,0,0,0,0,0,0,0,0,0,0,0,0,0,0,0.803838987341772,3.39097620253165,3.28158987341772,3.24847291139241,0.3964,0,0,0,1.23335594936709,1.48624911392405,1.32166784810127,1.13400506329114,2.33424405063291,2.46671189873418,2.43359493670886,1.65083037974684,0,0,0,0
489,0,0,0,0,0,0,0,0,0,0,0,0,1.54594962025316,0,0,0,1.22509215189873,1.42323924050633,0.563260759493671,0,0,0,0,0,0,0,0,0,0,0,0,0,1.52281569620253,4.69015164556962,4.21540329113924,4.15002481012658,3.92874379746835,3.88448759493671,1.9865,0.761407848101266,0,0,0,0,0,0,0,0
490,0,0,0,0,0,0,0,0,0,0,0,0,0,0,1.71253113924051,0.22860253164557,0,0,0,0,0,0,0,0,0,0,0,0,0,0,0,2.02859898734177,8.0815964556962,6.95746835443038,4.06713721518987,3.30479746835443,3.54433316455696,1.61413265822785,0,0,1.88646784810127,3.07520101265823,3.06426784810127,3.02152911392405,1.90833417721519,0,0,0
491,0,0,0,0,0,0,0,0,0,0,0,0,1.68070025316456,0.0760769620253164,0,0,0.812822278481013,1.47248962025316,1.13114430379747,0.97698835443038,0.779788860759494,0.60461164556962,0.505511392405063,0,0,0,0,0,0,0,0.515521518987342,0.933944810126582,0.713722025316456,0.615622784810127,0.416421265822785,0.472477974683544,0.12112253164557,0,0,0,0,0.307310886075949,2.29532202531646,2.24126734177215,2.22925518987342,1.34035594936709,0,0
492,0,0,0,0,0,0,0,0,0,0,0,0,1.854,0.165,0,0.757,1.459,1.097,0.9,0.801,0,0,0,0,0,0,0,0,0,0,0,0,0,0,0,3.335,4.488,3.281,3.796,3.555,3.434,6.123,4.455,3.039,3.006,2.974,0,0
493,0,0,0,0,0,0,0,0,0,0,0,0,0,0,0,0,0,0,1.90905164556962,1.46749544303797,1.43530911392405,1.15870784810127,1.00381113924051,0.816728101265823,0.585388860759494,0.47474835443038,0.529062784810126,0.430492151898734,0.341979746835443,0.330915696202532,0.342985569620253,0.341979746835443,0.330915696202532,0.341979746835443,0.463684303797468,0.253467341772152,0.254473164556962,0,0,0.859978481012658,2.49444050632911,2.43912025316456,2.43912025316456,2.42805620253165,2.43912025316456,2.42805620253165,2.42705037974683,2.41699215189873
494,0.0990501265822785,0,0,0,0,0,0,0,0,0,0,0,0,0,0,0,0,0,0,0,2.08605569620253,1.29565569620253,1.45973873417722,1.15258329113924,1.04252759493671,0.472238987341772,0,0,0,0.922466835443038,0.526266329113924,0,0,0,0,0,0,0.516261265822785,1.44873316455696,1.86694481012658,4.05004962025317,3.8869670886076,3.65484962025317,3.89797265822785,3.00752202531646,0.0220111392405063,0,0
495,0,0,0,0,0,0,0,0,0,0,0,0,0,0,1.0411746835443,1.5566582278481,1.07588050632911,0.347058227848101,0,0,0,0,0,0,0,0,0,0,0,0,0,0,0.493026835443038,1.68017012658228,5.23037164556962,4.02077164556962,3.38177620253165,3.18068658227848,2.10582683544304,0.884998481012658,3.27051341772152,3.19191493670886,3.18068658227848,3.19191493670886,3.13577316455696,0.81762835443038,0,0
496,0,0,0,0,0,0,0,0,0,0,0,0,0.849706329113924,0,0,1.75471898734177,1.20266126582278,0.98143594936709,0.0884901265822785,0,0,0,0,0,0,0,0,0,0,0,0,0,0,0.110612658227848,4.19221974683544,3.18866126582278,3.02274227848101,2.84676759493671,3.03480911392405,2.90106835443038,2.3832,2.03024506329114,2.03024506329114,2.00812253164557,2.01918379746835,0.430383797468354,0,0
497,0,0,0,0,0,0,0,0,0,0,0,0,0,0,0,0,0,0,0,0,0,0,0,0,0,0,0,0,0,0,0,0.718234683544304,0.0221615189873418,0,4.75263848101266,4.06764607594937,3.62542303797468,4.03440379746835,3.54785772151899,3.35948481012658,3.02907670886076,3.30408101265823,2.96259215189873,0.453303797468354,0,0,0,0
498,0,0,0,0,0,0,0,0,0,0,0,0,0,0,0,0,0,0,0,0,0,0,0,0,0,0,0,0,0,0,0,3.65677518987342,4.5234329113924,3.53568329113924,3.46963316455696,3.00928379746835,3.40358303797468,3.38256708860759,3.00828303797468,3.15139164556962,2.78911670886076,4.1181253164557,2.75609164556962,6.11564126582279,5.01780810126582,2.81113341772152,0.0220167088607595,0
499,0,0,0,0,0,0,0,0,0,0,0,0,0,0,0,0,0,0,0,0,0,0,0,0,0,0,0,0,0,0,0,0,0,1.25381265822785,1.40952810126582,1.2305564556962,1.29830278481013,0,0,0,1.96363240506329,6.3904,6.40152253164557,6.01324506329114,5.55823240506329,1.80892810126582,0,0
500,0,0,0,0,0,0,0,0,0,0,0,0,0,0,0,0,1.5924,1.30516329113924,1.1499546835443,1.34850075949367,1.37168126582279,1.20538632911392,0.486790632911392,0,0,0,0,0,0,0,0,0,0,0,1.57022734177215,3.60507265822785,3.5829,3.17371367088608,2.98524607594937,2.84213164556962,3.05176405063291,4.7772,3.11828202531646,2.44403164556962,2.4329453164557,2.4329453164557,0.663164050632912,0
501,0,0,0,0,0,0,0,0,0,0,0,0,0,0,0,0,0,0,0,0.762366075949367,1.57005113924051,1.54688810126582,0.596196455696202,0,0,0,0,0,0,0,1.21555594936709,2.80675594936709,1.24878987341772,0.144013670886076,0,0,0,0,0,0,0,0,0,0,0,0,0,0
502,0,0,0,0,0,0,0,0,0,0,0,0,0,0,0,0,0,0,0,0,1.95920759493671,1.02903797468354,0,0,0,0,0,0,0,0,0,0,0,0,0,0.122072151898734,1.34985569620253,1.43964430379747,1.09562278481013,1.52741518987342,0.963462025316456,0,0,0,0,0,0,0
503,0,0,0,0,0,0,0,0,0,0,0,0,1.57138329113924,0,0,0,0,0,0,0,0,0,0,0,0,0,0,0,0,0,0,2.14224911392405,9.02268455696203,6.50486582278481,5.91196658227848,5.63755037974684,4.42871696202532,1.30698227848101,0,0,1.12170126582278,2.57089924050633,2.51681721518987,1.17578329113924,0,0,0,0
504,0,0,0,0,0,0,0,0,0,0,0,0,2.16760101265823,0,0,3.5478,0.372244556962025,0,0,0,0,0,0,0,0.503977215189873,1.41213417721519,1.12771139240506,0.865244050632911,0.427133164556962,0,0,0,0.251489620253165,0.0219554430379747,0,0,0,0,1.93806683544304,1.56582227848101,1.10675392405063,0.821333164556962,0.524934683544304,0,0,0,0,0
505,0,0,0,0,0,0,0,0,0,0,0,0,2.30286860759494,0.0220946835443038,0,0,0,0,0,0,0,0,0,0,0,0,0,0,0,0,0,1.04748886075949,1.27847873417722,0,0,0,0,0,0,0,1.37690050632911,0.892826075949367,0,0,0,0,0,0
506,0,0,0,0,0,0,0,0,0,0,0,0,0,0,0,0,0,0,0,0,0,0,0,0,0,0,0,0,0,0,0,0,0,0,0.276774683544304,0.0222227848101266,1.83944050632911,1.33033670886076,0.942448101265823,0.742443037974684,0.232329113924051,0,0,0,0,0,0,0
507,0,0,0,0,0,0,0,0,0,0,0,0,0,0,0,1.24125569620253,1.03304506329114,1.51553316455696,1.37238835443038,0.242245063291139,0,0.70271088607595,0.889900253164557,0.570577215189873,1.12013316455696,0.779788860759494,0.439444556962025,0,0,0,0,0,0,0,0,0,0,0.264267341772152,0,0,0,0.219221772151899,0,0,0,0,0,0
508,0,0,0,0,0,0,0,0,0,0,0,0,0,0,0,0,0,1.56582227848101,1.1826,0.667645063291139,0,0,0,0,0,0,0,0,0,0,0,0,0,0,0,0,0,0,0.274443037974684,0,0,0,0,0,0,0,0,0
509,0,0,0,0,0,0,0,0,0,0,0,0,0,0,0,0,0,0,0,0,0,0,0,0,0,0,0,0,0,0,0,0,0,0,0.186753417721519,0.231935696202532,0.737977215189873,1.50908810126582,0.143579240506329,0,0.407644556962025,1.36550886075949,1.06830987341772,0.903645569620253,0,0,0,0
510,0,0,0,0,0,0,0,0,0,0.444556962025316,1.25569620253165,0.0668354430379747,0,0,0,0,0,0,0,0,0,0,0,0,0,0,0,0,0,0,0,0,0,0,0,0,0,0,0,0,0,0,0,0,0,0,0,0
511,0,0,0,0,0,0,0,0,0,0,0,0,0,0,0,0,0,0,0,0,0,0,0,0,0,0,0,0,0,0,0,0,0.921518987341772,0,0,1.77822784810127,1.24455696202532,1.17772151898734,1.04405063291139,0.855696202531646,0.64506329113924,2.43240506329114,3.24455696202532,3.18886075949367,0.444556962025316,0,0,0
512,0,0,0,0,0,0,0,0,0,0,0,0,0,0,0,0,0,0,0,0,0,0,0,0,0,0,0,0,0,0,0,0,0,0,0,0,0.776360506329114,1.46477392405063,1.43040379746835,1.38693569620253,1.39704455696203,1.3535764556962,2.77286050632911,3.46026303797468,3.29447772151899,3.31671721518987,3.32682607594937,1.79735544303797
513,0,0,0,0,0,0,0,0,0,0,0,0,0,0,0,0,0,0,0,0,0,0,0,0,0,0,0,0,0,0,0.812558734177215,1.70221417721519,1.3471635443038,0.979939746835443,0.82371746835443,0.700971392405063,0.578225316455696,0.489969873417722,2.74910632911392,3.99584126582279,3.36182227848101,3.32834607594937,1.99234126582278,0,0,0,0,0
514,0,0,0,0,0,0,0,0,0,0,0,0,0,0,0,0,0,0,0,0,1.44433417721519,1.31366582278481,1.17102784810127,1.26877974683544,0.809944303797468,0.788,0.591498734177215,0.492749367088608,0.448860759493671,0.414946835443038,0.34013670886076,0.634389873417722,0.251362025316456,0,0,0,0.712192405063291,5.19780759493671,3.17394430379747,5.66961012658228,5.93194430379747,1.91513924050633,0,0,0,0,0,0
515,0,0,0,0,0,0,0,0,0,0,0,0,0,0,0,0,0,0,0,1.7065982278481,1.1889,0.374227594936709,0,0,0,0,0,0,0,0,1.08957417721519,0,0,0,0,0,0,0.121398227848101,3.22558101265823,2.05775012658228,1.44273265822785,1.1889,1.02335696202532,0.274901772151899,0,0,0,0
516,0,0,0,0,0,0,0,0,0,0,0,0,0.0220779746835443,0,0,0,0,0,0,0,0,0.374322025316456,0.0220779746835443,0,0,0,0,0,0,0,0,0,0,0,0,0,0,0,0,0,0,0,0,0,1.76222379746835,1.60767797468354,0,0
517,0,0,0,0,0,0,0,0,0,0,0,0,1.69097898734177,1.35421189873418,1.42258582278481,1.35421189873418,0.391874430379747,0,0,0,0,0,0,0,0,0,0,0,0,0,0,0,0,0.571483544303798,1.62362556962025,1.07459316455696,0.884778987341772,0.258188101265823,0,0,0,0,0,0,0,0,0,0
518,0,0,0,0,0,0,0,0,0,0,0,0,0,0,1.60710278481013,0.689897721518987,0,0,0,0,0,0,0,0,0,0,0,0,0,0,0,0,0,0,0,0.338967088607595,0,0,1.03883443037975,1.48746734177215,1.08369772151899,0.918202025316456,0.667964556962025,0.502468860759494,0,0,0,0
519,0,0,0,0,0,0,0,0,0,0,0,0,0,0,0,0,0,0,0,0,0,0,0,0,1.46913797468354,0.974764556962025,0,0,0,0,0,0,0,0,0,0,0,0,0,1.0846253164557,1.35927721518987,1.07363924050633,0.120846835443038,0,0,0,0,0
520,0,0,0,0,0,0,0,0,0,0,0,0,0,0,0,1.61790025316456,0.869633924050633,0,0,0,0,0,0,0,0,0,0,0,0,0,0,0.274832405063291,1.19963341772152,1.25480050632911,1.1886,0.318966075949367,0,0,0,0,0,0,0,0,0,0,0,0
521,0,0,0,0,0,0,0,0,0,0,0,0,0,0,0,0,0,1.69217696202532,1.34850075949367,1.20538632911392,0,0,0,0,0,0,0,0,0,0,0,0,0,0,0,0,0,0.121949620253165,1.49262303797468,0.818372658227848,0,0,0,0,0,0,0,0
522,0,0,0,0,0,0,0,0,0,0,0,0,0,0,0,0,0,0,0,0,0,0,0.934201518987342,1.33499772151899,0.152401518987342,0,0,0,0,0,0,0,0,0,0,0,0,0,0,0,0.912429873417722,1.38942683544304,1.22712911392405,0.260270126582278,0,0,0,0
523,0,0,0,0,0,0,0,0,0,0,0,0,0,0,0,0,0,0,0,0,0,1.42711291139241,0.68533670886076,0,0,0,0,0,0,0,0,0,0,0,0.110863291139241,0,0,1.65891797468354,1.84637772151899,3.47203670886076,1.71434962025316,1.91289569620253,2.14570860759494,2.0348453164557,0.762941012658228,0,0,0
524,0,0,0,0,0,0,0,0,0,0,0,0,0,0,0,0,0,0,0,0,0,1.05591898734177,1.1869164556962,0.381083544303797,0,0,0,0,0,0,0,0,0,0.370167088607595,0.43566582278481,0,0,0,0.47933164556962,1.28417215189873,1.42707848101266,0.924921518987342,0.294744303797468,0,0,0,0,0
525,0,0,0,0,0,0,0,0,0,0,0,0,0,0,0,1.3914782278481,1.31434303797468,0.4009,0,0,0,0,0,0,0,0,0,0,0,0,0,0,0,0,1.32550734177215,1.43613544303797,1.32550734177215,1.12454987341772,0.678992658227848,0,0.490214430379747,4.24243544303797,4.2211217721519,2.53937164556962,0.222271139240506,0,0,0
526,0,0,0,0,0,0,0,0,0,0,0,0,0,0,0,0,0,0,0,0,0,0,0,0,0,0,0,0,0,0,0,0,0.384486075949367,0,0,0,0,1.79126455696203,1.40577721518987,1.16447215189873,0.923167088607595,0.362458227848101,0,0,0,0,0,0
527,0,0,0,0,0,0,0,0,0,0,0,0,0,0,0,0,0,0,0,0.902413924050633,0,0,0,0,0,0,0,0.253960759493671,0,0,0,0,0,0,0,0,0,0,0,0,1.6301670886076,1.07908227848101,0,0,0,0,0,0
528,0,0,0,0,0,0,0,0,0,0,0,0,0,0,0,0,0,0.554698481012658,1.62974253164557,1.68430303797468,1.0204835443038,0.243501518987342,0,0,0,0,0,0,0,0,0,0,0,0,0,0,0,0.255626075949367,0.254615696202532,1.50748658227848,1.06392987341772,2.42794253164557,2.91595594936709,0.976026835443038,0,0,0,0
529,0,0,0,0,0,0,0,0,0,0,0,0,0,0,0,0,0,0,0,0,0,0.683615189873418,1.06965670886076,0,0,0,0,0,0,0,0,0,0,0.232228101265823,0.650439746835443,0.0221169620253165,0,0,0,0,0,0,0,0,0,0,0,0
530,0,0,0,0,0,0,0,0,0,0,0,0,0,0,0,0,0,0,0,1.24627848101266,1.57694430379747,0.142718987341772,0,0,0,0,0,0,0.441222784810127,0.782944303797468,0.210058227848101,0,0,0,0,0.186941772151899,1.75383544303797,1.11361012658228,0.981946835443038,1.2241670886076,0.716610126582279,1.21311139240506,0.452278481012658,0,0,0,0,0
531,0,0,0,0,0,0,0,0,0,0,0,0,0,0,0,0,0,0,0,0,0,0,0,0,0,0,0,0,0,0,0,0,0,0.437556455696202,0,0.702288101265823,1.50147797468354,1.04094481012658,0.866122025316456,0.657333670886076,0.142855189873418,0,0,0,0,0,0,0
532,0,0,0,0,0,0,0,0,0,0,0,0,0,0,0,0,0,0,0,0,0,0,0,0,0,0,0,0,0,0,0,0,0.814466835443038,1.4082653164557,1.07926886075949,0.825500253164557,0.57173164556962,0.770333164556962,0.0662005063291139,0,0,0,0,0,0,0,0,0
533,0,0,0,0,0,0,0,0,0,0,0,0,0,0,0,0,0,0,0,0,0,0,0,0,0,0,0,0,0,0,0,0,0,0,0,0,0,0.897949367088608,1.5764,1.02865088607595,1.2371746835443,0.854049620253165,0.3941,0,0,0,0,0
534,0,0,0,0,0,0,0,0,0,0,0,0,0,0,0,0,0,1.7200964556962,0.154818734177215,0,0,0,0,0,0,0,0,0,0,0,0,0.374983037974684,0,0,0,0,0,0,0,0.485683846153846,0.573249487179487,0,0,0,0,0,0,0
535,0,0,0,0,0,0,0,0,0,0,0,0,0,0,0,0,0,0,0,1.24101666666667,1.41485948717949,0.0874238461538461,0,0,0,0,0,0,0,0,0,0,0,0,0,0.500426153846154,1.55755128205128,1.03401307692308,0,0,0,0,0,0,0,0,0,0
536,0,0,0,0,0,0,0,0,0,0,0,0,0,0,0,0,0,0,0,1.14909743589744,1.63690256410256,1.194,0.143892307692308,0,0,0,0,0,0,0,0,0,0,0,0,0,0,0,0,0,0,0,0,0,0,1.6797641025641,0.254107692307692,0
537,0,0,0,0,0,0,0,0,0,0,0,0,0,0,0,0,0,0,0,0,0,0,0,0,0,0,0,0,0,0,0,0.177524615384615,0,0,0,0.375454358974359,0,0,0,0,0,0,0,0,0,0,0,0
538,0,0,0,0,0,0,0,0,0,0,0,0,0,0,0,0.742753846153846,1.42923846153846,0.65476923076923,0,0,0,0,0,0,0,0,0,0,0,0,0.0992384615384615,1.33,0.277253846153846,0.365238461538462,0.100261538461538,0.488007692307692,0.232238461538462,0,0,0,0,0.366261538461538,1.63999230769231,1.33,1.17449230769231,0.919746153846154,0,0
539,0,0,0,0,0,0,0,0,0,0,0,0,0,0,0,0,0,0.318796153846154,0,0,0,0,0,0,0,0,0,0,0,0,0,0,0,0,0,0.0981689743589743,0,0,0,0,0.701351538461538,1.32679923076923,1.31566666666667,1.15171435897436,0,0,0,0
540,0,0,0,0,0,0,0,0,0,0,0,0,0,0,0,0,0,0,0,0,0,0,0,0,0,0,0,0,0,0,0,0,0,0,0,0,0.465616666666667,2.05076,1.34159,1.05301,0.94249,0.298813333333333,0,0,0,0,0,0
541,0,0,0,0,0,0,0,0,0,0,0,0,0,0,0,1.83913333333333,0.722516666666667,0,0,0,0,0,0,0,0,0,0,0,0,0,1.0953958974359,1.2692041025641,0.722516666666667,1.27021461538462,1.00748128205128,0.382984358974359,0,0,0,0,0,0,0,0,0,0,0,0
542,0,0,0,0,0,0,0,0,0,0,0,0,0,0,0,0,0,0,0,0.884652307692308,1.48327384615385,0.63131076923077,0,0,0,0,0,0,0,0,0,0,0,0,0,0,0,0,0,0,0,0,0,0,0,0,0,0
543,0,0,0,0,0,0,0,0,0,0,0,0,0,0,0,0,0,0,0,0.0213015384615385,0,0.077091282051282,0,0,0,0,0,0,0,0,0.934224615384616,1.32982461538462,1.37344205128205,1.1868,0.263733333333333,1.00015794871795,0.362126153846154,0,0,0,0,0,0,0,0,0,0,0
544,0,0,0,0,0,0,0,0,0,0,0,0,1.26318333333333,1.31841564102564,0.953268717948718,0.687335384615385,0.343667692307692,0,0,0,0,0,0,0,0,0,0,0,0,0,0,0.587098974358974,1.13021666666667,0.809051025641026,1.30716461538462,0.520615641025641,0,0,0,0,0,0,0,0,0,0,0,0
545,0,0,0,0,0,0,0,0,0,0,0,0,0,0,0,0,0,0,0,0,0,0,0,0,0,0,0,0,0,0,0,0,0,0,0.0221917948717949,0.524533333333333,1.5736,1.26694974358974,0.929029230769231,0.721233333333333,0,0,0,0.994595897435897,1.1912958974359,0.3934,0,0
546,0,0,0,0,0,0,0,0,0,0,0,0,0,0,0,0,0,0,0,0,0,0,0,0,0,0,0,0,0,0,0,0,0,0,0.420556923076923,0,0,0,0,0.5308,1.4597,1.18307153846154,0.641043076923077,0,0,0,0,0
547,0,0,0,0,0,0,0,0,0,0,0,0,0,0,0,0,0,0,1.22979538461538,1.14260461538462,1.01080461538462,1.02094307692308,0.7908,0,0,0,0,0,0,0,0,0,0,0,0.318347692307692,0,0,0,0,0,1.57146153846154,0.5272,0,0,0,0,0,0
548,0,0,0,0,0,0,0,0,0,0,0,0,0,0,0,0,0,0,0,0,0,0,0,0,0.314724615384615,0,0,0,0,0,0,0.292673846153846,0.619426153846154,0,0,0,0,0,0,0.944173846153846,1.303,0.640474615384615,0,0,0,0,0,0
549,0,0,0,0,0,0,0,0,0,0,0,0,0,0,0,0,0,0.450705128205128,1.39262820512821,1.08675641025641,0.878115384615385,0.427410256410256,0,0,0,0,0,0,0,0,0,0,0,0,0,0,0,0,0,0,0,0,0,0,0,0,0,0
550,0,0,0,0,0,0,0,0,0,0,0,0,0,0,1.59919743589744,1.17980256410256,0.816394871794872,0.782802564102564,0.551728205128205,0.616876923076923,0.650469230769231,0,0,0,0,0,0,0,0,0,0,0,0,0.330833333333333,0.0223948717948718,0,0,0,0.109938461538462,0.0223948717948718,0,0,0,0,0,0,0,0
551,0,0,0,0,0,0,0,0,0,0,0,0,0,0,0,0,0,0,0,1.967,0.153325128205128,0,0,0,0,0,0,0,0,0,0,0,0,0.207795897435897,0.0211830769230769,0,0,0,0,0.568916923076923,1.47474564102564,1.01678769230769,0.502341538461539,0,0,0,0,0
552,0,0,0,0,0,0,0,0,0,0,0,0,0,0,0,0,0,0,0,0,0,0,0,0,0,0,0,0,0,0,0,0,0,0,0,1.92128,1.51493333333333,1.14101333333333,0.834986666666667,0.922133333333333,0.153013333333333,0,0,0,0,0,0,0
553,0,0,0,0,0,0,0,0,0,0,0,0,0,0,0,0,0,0,0,0,0,0,1.21950769230769,1.36376153846154,1.24099230769231,0.841992307692308,0.100261538461538,0,0,0,0,0.365238461538462,0,0,0,0,0,0,0,0,0,0,0,0,0,0,0,0
554,0,0,0,0,0,0,0,0,0,0,0,0,0,0,0,0,0,0,0,0,0.495382564102564,1.55010076923077,0.736983076923077,0,0,0,0,0,0,0.0436505128205128,0.187798717948718,0,0,0,1.51761666666667,2.15511717948718,1.25368333333333,0.461883333333333,0.286266153846154,1.07705102564103,0.80296641025641,0.231449230769231,0,0,0,0,0,0
555,0,0,0,0,0,0,0,0,0,0,0,0,0,0,0,0,0,0,0.921179487179487,0,0,0,0,0,0,0,0,0,0,0,0,0,1.38877820512821,1.26962564102564,1.10641666666667,0.856096153846154,0.650833333333333,1.02030641025641,1.25761025641026,1.1715,0.412528205128205,0,0,0,0,0,0,0
556,0,0,0,0,0,0,0,0,0,0,0,0,0,0,0,0.69921923076923,1.35606153846154,1.4206358974359,1.09271923076923,0.535765384615385,0,0,0,0,0,0,0,0,0,0,0,0,0,0,0,0,0,0,0.19675,0.372311538461538,0.185651282051282,0,0,0,0,0,0,0
557,0,0,0,0,0,0,0,0,0,0,0,0,0,0,0,0,0,0,1.15274307692308,1.50454769230769,1.43966153846154,1.28454307692308,0,0,0,0,0,0,0,0,0,0,0.428856923076923,1.09799538461538,0,0,0,0,0,0,1.04324769230769,1.48325692307692,1.24094769230769,0.307195384615385,0,0,0,0
558,0,0,0,0,0,0,0,0,0,0,0,0,0,0,1.04293333333333,1.14120974358974,0.955687948717949,1.20539025641026,0.630774102564102,0,0,0,0,0,0,0,0,0,0,0,0,0,0,0,0,0,0,0,0,0,0,0,0,0,0,0,0,0
559,0,0,0,0,0,0,0,0,0,0,0,0,0,0,1.37935,1.25909897435897,1.14895307692308,0.765968717948718,1.17219487179487,0,0,0,0,0,0,0,0,0,0,0,0,0,0,0,0,0,0,0,0,0,0,0,0,0,0,0,0,0
560,0,0,0,0,0,0,0,0,0,0,0,0,0,0,0,0,0,0,0,0,0,0,0,0,0,0,0,0,0,0,0,0,0,0,0,0,0,0,0,1.02818,1.40087,1.21402,0.12019,0,0,0,0,0
561,0,0,0,0,0,0,0,0,0,0,0,0,0,0,0,0,0.231507692307692,1.584,0.97883076923077,0.835661538461538,0.858,0.308676923076923,0,0,0,0,0,0,0,0,0,0,0,0,0,0,0,0,0,0,0,0,0,0,0,0,0,0
562,0,0,0,0,0,0,0,0,0,0,0,0,0,0,0,0,0,0,0,0,0,0,0,0,0,0,0,0,0,0,0,0,0.99525,1.4597,1.09426461538462,1.07282846153846,0.917671538461539,0,0,0,0,1.29433538461538,1.11672153846154,0.972793076923077,0.707393076923077,0.653292307692308,0.519571538461538,0.375643076923077
563,0,0,0,0,0,0,0,0,0,0,0,0,0,0,0,0,0,0,0,0,0,0,0,0,0,0,0,0,0,0,0,0,0,0,0,0,0.153325128205128,0.163412307692308,0,0,0,0,0,0,0,0,0,0
564,0,0,0,0,0,0,0,0,0,0,0,0,0,0,0,0,0,0,0,0,0,0,0,0,0.86905,1.67125,1.21461307692308,0.311623846153846,0,0,0,0,0,0,0,0,0,0,0,0,0,0,0,0,0,0,0,0
565,0,0,0,0,0,0,0,0,0,0,0,0.284313846153846,1.69277641025641,0.426470769230769,0,0,0,0,0,0,0,0,0,0,0,0,0,0,0,0,0,0,0.94972923076923,1.34393743589744,1.20077230769231,2.02145128205128,1.00417230769231,0,0,0,0,0,0,0,0,0,0,0
566,0,0,0,0,0,0,0,0,0,0,0,0,0,0,0,0,0,1.66642615384615,0.153792820512821,0,0,0,0.350081025641026,0,0,0,0,0,0,0,0,0,0,0,0,0,0.31770358974359,0,0,0,0.35109282051282,1.6775558974359,1.11803333333333,1.04113692307692,0.744681025641026,1.00875948717949,0.975370256410256,0
567,0,0,0,0,0,0,0,0,0,0,0,0,0,0,0,0,0,0,0,0,0,0,0.801141025641026,1.49188461538462,1.15258974358974,0.274474358974359,0,0,0,0,0,0,0,0,0,0.86697435897436,0.438551282051282,0,0,0,0,0,0,0,0,0,0,0
568,0,0,0,0,0,0,0,0,0,0,0,0,0.57151717948718,1.56228230769231,1.1877,1.0222341025641,0.76946717948718,0.902448974358974,0,0,0,0,0,0,0.0659833333333333,0,0,0,0,0,0,0,0,0,0,0,0,0.143133076923077,0.296417435897436,0.18678358974359,1.71556666666667,1.17653358974359,0.946099487179487,0.97858358974359,1.05573333333333,0,0,0
569,0,0,0,0,0,0,0,0,0,0,0,0,0,0,0,0,0,0,0,0,0,0,0.155507692307692,0.144253846153846,0,0,0,0,0,0.277253846153846,0,0,0,0,1.70649230769231,1.67375384615385,1.03023846153846,1.05274615384615,0.787769230769231,0.741730769230769,1.10901538461538,0.399,0,0,0,0,0,0
570,0,0,0,0,0,0,0,0,0,0,0,0,0,0,0,0,0.677948717948718,1.22153846153846,1.0451282051282,0.733333333333333,0.688205128205128,0.522051282051282,0.511794871794872,0.255384615384615,0,0,0,0,0,0,0,0.377435897435897,1.01128205128205,1.90051282051282,0.61025641025641,0.978461538461538,0.310769230769231,0,0,0,0,0,0,0,0,0,0,0
571,0,0,0,0,0,0,0,0,0,0,0,0,0,0,0,0,0,0,0,0.767134871794872,1.36019692307692,1.15070230769231,1.39258256410256,0,0,0,0.109301538461538,0,0,0.888581025641025,0.460483333333333,0,0,0,1.14058179487179,1.39157051282051,0.976629487179487,0.186217435897436,0,0,0,0,0,0,0,0,0,0
572,0,0,0,0,0,0,0,0,0,0,0,0,0,0,0,0,0,0,0,0,0,0,0,0,0,0,0,0,0,0,0,0,0,0.387648974358974,0,0,0,0.775297948717949,1.45138230769231,1.21920205128205,0.886785384615385,0.963496923076923,0.99725,0.709837435897436,0.741544871794872,0,0,0
573,0,0,0,0,0,0,0,0,0,0,0,0,0,0,0,0,0,0,0,0,1.75589743589744,1.26666666666667,1.01128205128205,0,0,0,0,0,0,0,0,0,0,1.16615384615385,1,0.723076923076923,0.588717948717949,0.877948717948718,0.676923076923077,0,0,0,0,0,0,0,0,0
574,0,0,0,0,0,0,0,0,0,0,0,0,0,0,0,0,0,0,0,0,0,0,0,0,0,0,0,0,0,0,0,0,0.186470512820513,0,0,1.34258769230769,1.32142076923077,1.09160846153846,0.830549743589744,0.58965,0.217716923076923,1.14704564102564,1.24481666666667,0,0,0,0,0
575,0,0,0,0,0,0,0,0,0,0,0,0,0,0,0,0,0,0,0,0,0.0212476923076923,1.78682974358974,1.23843692307692,0.910615384615385,0.503873846153846,0,0,0,0,0,0,0,0,0,0.361210769230769,0,0.208429743589744,0.186170256410256,0,0,0,0,0,0,0,0,0,0
576,0,0,0,0,0,0,0,0,0,0,0,0,0,0,0,0,0,0,1.13333333333333,1.43384615384615,0.977435897435897,0.711794871794872,0,0,0,0,0,0,0,0,0,0,1.78871794871795,0,0,0,0,0,0,0,0.89948717948718,1.70051282051282,0.688205128205128,0,0,0,0,0
577,0,0,0,0,0,0,0,0,0,0,0,0,0,0,0,0,0,0,0,0,0.0885838461538462,0.209750256410256,0,0,0,0,0,0,0,0,0,0,0,0,0,0,0,0,0,0,0,0,0.0224005128205128,1.86331538461538,0.606850256410256,0,0,0
578,0,0,0,0,0,0,0,0,0,0,0,0,0,0,1.68775897435897,1.09124102564103,0.860166666666667,1.03728974358974,0.363407692307692,0,0,0,0,1.2347717948718,1.29075897435897,0.750228205128205,0.760407692307692,0,0,0,0,0,0,0,0,0,0,0,0,0,0,1.47806153846154,1.15740769230769,0,0,0,0,0
579,0,0,0,0,0,0,0,0,0,0,0,0,0,0,0,0,0,0,0,0,0,0,0,0,0,0,0,0,0,0,0,0,0,0,0.0666666666666667,0.255384615384615,0,0,0,0,0,0.767179487179487,1.41128205128205,1.2,0.933333333333333,0.744615384615385,0.688205128205128,0.533333333333333
580,0.473049743589744,0.3959,0.3959,0.3959,0.297432564102564,0.417217692307692,0.329916666666667,0.286266153846154,0.329916666666667,0.22028282051282,0.318750256410256,0.285251025641026,0.0659833333333333,0,0,0,0,0,0,0,0,0,0,0,0,0,0,0,0,0,0.539033076923077,1.02324923076923,0.857783333333333,0.912600256410256,1.66074974358974,0,0,0.143133076923077,0.18678358974359,1.08821743589744,1.28718256410256,1.11055025641026,0.659833333333333,0,0,0,0,0
581,0,0,0,0,0,0,0,0,0,0,0,0,0,0,0,0,0,0,0,0,0,0,0,0,0,0,0,0,0,0,0,0,0,0,0,0,0,0.951936153846154,1.28785282051282,1.24237487179487,0.72764717948718,0,0,0,0,0,0,0
582,0,0,0,0,0,0,0,0,0,0,0,0,0,0,0,0,0,0,0,0,0,0,0,0,0,0,0,0,0.32285641025641,0,0,0,0,0.379407692307692,0,0,0,0.27864358974359,0.177879487179487,0,1.97106923076923,1.25955128205128,0.991189743589744,0,0,0,0,0
583,0,0,0,0,0,0,0,0,0,0,0,0,0,0,0,0,0,0,0,0,0,0,0,0,0,0,0,0,0,0,0,0,0,0,0.303230769230769,0,0,0,0,0,0,0,0,0.574269230769231,1.57430769230769,1.35,0.945,0.281423076923077
584,0,0,0,0,0,0,0,0,0,0,0,0,0,0,0,0,0,0,0,0,0,1.43391769230769,0.581044871794872,0,0,0,0.251617692307692,0,0,0,0,0,0,0,0,2.03618333333333,1.28031974358974,1.23686769230769,1.06204897435897,0.832662564102564,0.328416666666667,0,0,0,0,0,0,0
585,0,0,0,0,0,0,0,0,0,0,0,0,0,0,0,0,0,0,1.2692041025641,1.0953958974359,0.7882,0.743737435897436,1.07316461538462,0,0,0,0,0,0,0,0,0,0,0.3941,0,0.109135384615385,0.602265641025641,0,0.230396923076923,0.109135384615385,0.908451025641026,1.16006871794872,0.744747948717949,0.514351025641026,0.701295897435897,0.535571794871795,0.525466666666667,0
586,0,0,0,0,0,0,0,0,0,0,0,0,0,0,0,0,0,0,1.35985230769231,0.31770358974359,0,0,0,0,0.646536923076923,0.0657666666666667,0,0,0,0,0,0,0,0,0,0.3946,0.0880261538461538,0,0,0,0,0.613147692307692,1.42561897435897,1.01887743589744,0.526133333333333,0,0,0
587,0,0,0,0,0,0,0,0,0,0,0.293450769230769,0,0,0,0,0,0,0,0,0.509783076923077,1.32403384615385,1.06263230769231,0.792216923076923,1.2369,1.20485076923077,1.06263230769231,0.119183076923077,0,0,0,0.792216923076923,0.228350769230769,0.0430661538461538,0,0,0,0,0,0,1.29098307692308,0.9765,0.68405076923077,0.997532307692308,0.7812,0.5859,0.477733846153846,0.509783076923077,0.423650769230769
588,0.348661538461538,0.349669230769231,0.393,0.284169230769231,0.3275,0.283161538461538,0.284169230769231,0.338584615384615,0.294246153846154,0.251923076923077,0.294246153846154,0.284169230769231,0.174330769230769,0,0,0,0,0,0,0,0,0.108830769230769,0.0655,0,0,0,0,0,0,0.317423076923077,0,0,0,0,0.3275,0,0,0,1.5065,0.807161538461538,0.512915384615385,0,0,0,0,0,0,0
589,0,0,0,0,0,0,0,0,0,0,0,0,0,0,0,0,0,0,0,0,0,0,0.0220507692307692,0.098226153846154,0,0,0,0,0,0,0,0,0,0,0.422973846153846,0,0,0,0,0,0,0.95519923076923,1.34710153846154,1.07447384615385,0.891051538461539,0.422973846153846,0,0
590,0,0,0,0,0,0,0,0,0,0,0,0,0,0,0,0,0.84512,1.66896,0.318186666666667,0,0,0,0,0,0,0,0,0,0,0,0,0,0,0,0,0,0,0,0,0,0.515786666666667,1.47136,0.95456,0.87856,0.48336,0,0,0
591,0,0,0,0,0,0,0,0,0,0,0,0,0,0,0,0,0,0,0,0,0,0,0,0.230084871794872,0,0,0,0,0,0,0,0.735866153846154,1.42713435897436,1.43929743589744,1.02068487179487,0.889931794871795,0.603085897435897,0.527066666666667,0,0,0,0,0,0,0,0,0,0
592,0,0,0,0,0,0,0,0,0,0,0,0,0,0,0,0,0,0.886554871794872,1.32377384615385,1.39950461538462,1.0400358974359,0.853233333333333,0,0,0,0.765385641025641,0.536173846153846,0,0,0,0,0,0.251426153846154,0,0,0,0.360478461538462,0,0,1.35709538461538,1.36719282051282,1.00671435897436,0.874437948717949,0.448326153846154,0,0,0,0
593,0,0,0,0,0,0,0,0,0,0,0,0,0,0,0,0,0,0,0,0,1.00289538461538,0.731026153846154,0,0,0,0,0,0,0,0,0,0,0.45815,0.807552307692308,0,0,0,0,0,0,0,0.992826153846154,1.50535,0.32725,0,0,0,0
594,0,0,0,0,0,0,0,0,0,0,0,0,0,0,0,0,0,0,0,0,0,0,0,0,0,0,0,0,0,0,0,0,0,0,0,0,0.0211669230769231,0.578562564102564,0,0,0,0,0,0,0,0,0,0
595,0,0,0,0,0,0,0,0,0,0,0,0,0.80276358974359,1.49592102564103,1.25336666666667,0.96717282051282,0.78043641025641,0.61602717948718,0.549045641025641,0.1979,0,0,0,0,0,0,0,0,0,0,0,0,0,0,0.231390769230769,0.9895,0,1.24220307692308,1.09910615384615,1.00066358974359,0.80276358974359,1.11026974358974,0.120769743589744,0,0,0,0,0
596,0,0,0,0,0,0,0,0,0,0,0,0,0,0,0,0,0,0,0,0,1.8466641025641,0.154058717948718,0,0,0,0,0,0,0,0,0,0.818245641025641,0.254043846153846,0,0,0,1.81299564102564,1.16003153846154,1.14982897435897,0.839671025641026,0,0,0,0,0,0,0,0
597,0,0,0,0,0,0,0,0,0,0,0,0,0,0,0,0,0,0,0,0,0,0,0,0,0,0,0,0,0,0,0,0,1.28685743589744,1.35180923076923,0.97833641025641,0.704321025641026,0.846403076923077,0.78043641025641,0.461766666666667,0.38463641025641,0.0334907692307692,0,0,0,0,0,0,0
598,0,0,0,0,0,0,0,0,0,0,0,0,0,0,0,0,0,0,0,0,1.31456435897436,1.08966538461538,0,0,0,0,0,0,0,0,0,0.139317948717949,0.452783333333333,0,0,0,0,0,0,0,0,1.22898333333333,1.18619282051282,1.11056307692308,0,0,0,0
599,0,0,0,0,0,0,0,0,0,0,0,0,0,0,0,0,0,0,0.229852051282051,0.571086153846154,1.48036871794872,0.998388205128205,0.98725,1.07534307692308,0,0,0,0,1.15128538461538,0.768536153846154,0.712845128205128,0.613613846153846,1.03180282051282,0.0870805128205128,0,0,0,0,0,0,0,0,0,0,0,0,0,0
600,0,0,0,0,0,0,0,0,0,0,0,0,0,0,0,0,0,0,0,0,0,0,0,0,0,0,0,0,0,0,0,0,0,0.20806,0,0.89789,1.43319,1.11605,0.98475,0.45955,0,0,0,0,0,0,0,0
601,0,0,0,0,0,0,0,0,0,0,0,0,0,0,0,0,0,0,0,1.15594769230769,1.38552615384615,1.14487153846154,0.873002307692308,0.905223846153846,0.708873846153846,0,0,0,0,0,0,0,0,0,0.295028461538462,0.643423846153846,0,0,0,0,0,0,0,0,0,0,0,0
602,0,0,0,0,0,0,0,0,0,0,0,0,0,0,0,0,0,0,1.15889128205128,1.46577538461538,0.98425,1.11548333333333,0,0,0,0.721783333333333,0,0,0,0,0.3937,0.97314564102564,0.743992051282051,0.328083333333333,0.776295641025641,0,0,0,0,0,0,0,0,0,0,0,0,0
603,0,0,0,0,0,0,0,0,0,0,0,0,0,0,0,0,0,0,0,0.877448461538461,0,0,0,0,0,0,0,0,0,0,0,0,0,0,0,0.0870364102564102,0.230747692307692,0,1.88545153846154,1.28328102564103,1.1841,1.27113641025641,0.153831794871795,0,0,0,0,0
604,0,0,0,0,0,0,0,0,0,0,0,0,0,0,0,0,0,0,0,1.29567692307692,1.29464615384615,1.10601538461538,1.32866153846154,1.139,0.938,0.692676923076923,0.413338461538462,0,0,0,0,0,0.211307692307692,0.112353846153846,0,0,0,0,0,0,0,0,0,0,0,0,0,0
605,0,0,0,0,0,0,0,0,0,0,0,0,0,0,0,0,0,0.57137282051282,1.60552717948718,1.2198758974359,1.01182717948718,0.527733333333333,0,0,0,0,0,0,0,0,0,0.76927282051282,1.76993641025641,1.47359384615385,0.165424102564103,0,0,0,0,0,0,0,0,0,0,0,0,0
606,0,0,0,0,0,0,0,0,0,0,0,0,0,0,0,0,0,0,0,0,0,0,0.81268717948718,1.58319692307692,1.14804923076923,0.946420512820513,0.99271282051282,0,0,0,0.233518974358974,0.557565128205128,0.0442348717948718,0,0,0,0,0,0,0,0,0.512301538461538,1.0256317948718,0,0,0,0,0
607,0,0,0,0,0,0,0,0,0,0,0,0,0,0,1.65791666666667,1.1937,1.02841846153846,0.839671025641026,0.640721025641026,0,0,0,0,0,0,0.022445641025641,0.342806153846154,0,0,0,0,0.297914871794872,0,0,0,0,0,0,0,0,0,0,0,1.33755615384615,1.07228948717949,0,0,0
608,0,0,0,0,0,0,0,0,0,0,0,0,0,0,0,0,0,0,0,1.28568538461538,1.30716461538462,0.87553435897436,0.775297948717949,1.23045307692308,0,0,0,0,0,0,0,0,0,0,0,0.587098974358974,0.165696923076923,0,0,0,0,1.31841564102564,0.99725,0,0,0,0,0
609,0,0,0,0,0,0,0,0,0,0,0,0,1.08765025641026,1.4126,0.157300512820513,0,0,0,0,1.42398358974359,0.97484923076923,0.841350769230769,0.684050256410257,0.503982564102564,0.42636717948718,0.0889989743589744,0,0,0,0,0.516401025641026,0,0.627132307692308,0,0,0,1.34533333333333,0.61678358974359,0,0,0,0,0,0,0,0,0,0
610,0,0,0,0,0,0,0,0,0,0,0,0,0,0,0,0,0,0,0,0,0.450147692307692,1.48325692307692,0.142952307692308,0,0,0,0,0,1.21864307692308,0.999652307692308,1.95469538461538,0.417704615384615,0,0,0,0,0,0.7908,1.09799538461538,0.319361538461538,0,0,0,0,0,0,0,0
611,0,0,0,0,0,0,0,0,0,0,0,0.22464,1.63384,1.03688,0.08944,0,0,0,0,0,0,0,0,0,0,0,0,0,0,0,0,0,0,0,0,0,0,0,0,0,0,0,0,0,0,0,0,0
612,0,0,0,0,0,0,0,0,0,0,0,0,0,0,0,0,0,0,1.88923076923077,1.41128205128205,0.122051282051282,0,0,0,0,0,0,0,0,0,0,0,0,0,0,0.188717948717949,0.0666666666666667,0,0,0,1.38871794871795,1.03384615384615,0.366153846153846,0,0,0,0,0
613,0,0,0,0,0,0,0,0,0,0,0,0,0,0,0,0,0.404187435897436,1.24481666666667,1.07044153846154,1.23372923076923,1.09160846153846,0.84163717948718,0.655166666666667,1.04826666666667,0,0,0,0,0,0,0,0.348750256410256,0.633999743589744,0.775112564102564,0.239891794871795,1.35367512820513,1.0593541025641,0.917233333333333,0.993837435897436,0.338670769230769,0,0,0,0,0,0,0,0
614,0,0,0,0,0,0,0,0,0,0,0,0,0,0,0,0,0,1.58272506329114,1.1290582278481,1.11781873417722,1.15153721518987,0.652912405063291,0,0,0,0,0,0,0,0,0,0,0.487385316455696,0.376012151898734,0,0,0,0,0,0,0.652912405063291,1.15153721518987,0.741806582278481,0,0,0,0,0
615,0,0,0,0,0,0,0,0,0,0,0,0,0,0,1.49574759493671,1.25407215189873,0.835709620253164,0.440702278481013,0,0,0,0,0,0,0,0,0,0,0,0,0,0,0,0.582864303797468,0.17567164556962,0.0660037974683544,1.29875164556962,1.19822278481013,1.12206455696203,0.924053164556962,0.176687088607595,0,0,0,0,0,0,0
617,0,0,0,0,0,0,0,0,0,0,0,0,0,0,0,0,0,0,0,0,0,0,0,0,0,0,0,0,0,0.42058449074645,0.332879668031551,0.675725793189795,0,0,0,0,0,0,0,1.01956856406071,1.39729728916238,1.22986080943393,0.0328893085180874,0,0,0,0,0
618,0,0,0,0,0,0,0,0,0,0,0,0,0,0,1.89410394512713,0.935533096112503,0,0,0,0,0,0,0,0,0.300492429158192,0,0,0,0,0,0,0,0,0,0,0,0,0,0,0,1.55955570733101,1.13686302364849,1.07976946210844,1.11382527074636,1.12484332648216,0.93653473754303,0.690130945633313,0.613004555482711
619,0.457773613624911,0.468816398164109,0.379470232346966,0.379470232346966,0.312209635608218,0.379470232346966,0.324256309650979,0.30116685106902,0.30116685106902,0.245952928373033,0.30116685106902,0.290124066529823,0.245952928373033,0.290124066529823,0.313213525111781,0,0,0,0,0.211820685251878,0,0,0,0,0,0,0,0,0,0,0,0,0,0,0,0,0.614380376180802,0,0,0,0,0,0,0,0,0,0,0
620,0,0,0,0,0,0,0,0,0,0,0,0,0,0,0,0,0,0,0,0,0.362193791064567,1.74484638311214,1.41522042612149,0.121389199730086,0,0,0,0,0,0.70168878868367,0.143101089112703,0,0,0,0.208236757260555,0,0.285215274162561,1.66885477027298,1.33824190921949,1.09743731788501,0,0,0,0,0,0,0,0
621,0,0,0,0,0,0,0,0,0,0,0,0,0,0,1.35657719290189,1.10271479423019,0.221137948842925,0,0,0,0,0.441284247691039,0,0,0.297494998443397,0,0,0,0,0,0,0,0,0.738779246134435,1.46665034232595,0.120981299366981,0,1.52218274203538,3.93685047940095,3.55109863141935,2.4255758873085,0,0,0,0,0,0,0
622,0,0,0,0,0,0,0,0,0,0,0,0,0,0,0.812227856322126,1.43792950991657,1.21883524004596,0.515167607533596,0,0,0,0,0,0,0,0.383908427836339,0,0,0,0,0,0,0,0.845782834590598,0.109547134935305,0,0,0,0,0,0,0,0,0,0,0,0,0
623,0,0,0,0,0,0,0,0,0,0,0,0,0,0,1.64460208822501,1.44377279312584,0.155867512614278,0,0.411650097417195,1.3438577209372,0.844282359994005,0.166858170555028,0,0,0,0.133886196732777,0,0,0,0,1.28890443123345,1.43278213518509,0.622470899735225,0,0,0,0,0,0,0,0,0.555527801368837,1.49972523355148,0.611480241794475,0,0,0,0
624,0,0,0,0,0,0,0,0,0,0,0,0,0,0,0,0,0.871113553479542,1.3900114902333,0.949493930159365,1.04337137398824,0,0,0,0,0,0,0,0,0,0,0,0.319501281986828,0.320499723493037,0,0,0,1.45672615755869,1.29098486752803,0.992450857171585,0,0,0.408362576039415,0,0,0,0,0,0
625,0,0,0,0,0,0,0,0,0,0,0,0,0,0,1.69258458599367,0,0,0,0,0,0,0,0,0.322397063998793,0,0,0,0,0,0,0,0,0,0.52389522899804,1.94747976471771,0.579307224372832,0,0,0,0,0,0,0,0,0,0,0,0
626,0,0,0,0,0,0,0,0,0,0,0,0,0,0,0,0,0,0,0,0,1.64289125735257,1.30723593585038,1.19501382534815,1.50842692675079,0.99382283444774,0,0,0,0,0,0,0,0,0.280049771253331,0.044484440199085,0.234554321049721,0.59245186265145,0,0,1.67524357749736,1.35172037604947,2.98349052335227,2.70344075209894,0,0,0,0,0
627,0,0,0,0,0,0,0,0,0,0,0,0,0,0,0,0,0,0,0,1.31114574430647,1.21160323764517,0.922025036448645,0,0,0,0,0,0,0,0,0,0,0,0.655572872153235,0.26645216429541,0,0,0.833542808305264,1.4891156804585,1.4217485294857,1.09999497260067,0.722940023126037,0,0,0,0,0,0
628,0,0,0,0,0,0,0,0,0,0,0,0,0,0,0,0,0,0,0,0,0,0,0,0,0,0,0,0,0,0,0,0.298209743099894,0.0770541953647378,1.05073902770097,1.4600268965864,1.1608164496506,0.928653159720477,0.66346664320547,1.31692624805188,0.917645417525514,0,0,0,0,0,0,0,0
629,0,0,0,0,0,0,0,0,0,0,0,0,0.233971142727867,0,1.3594530189533,1.37054647830677,0.769482680609321,0,0,0,0,0,0,0,0.300531898848726,0,0,0,0,0,0.51231612286964,0.590978834648836,0.301540395153587,0,0,0,0.556689960283545,0.300531898848726,1.70536725152079,0.613165753355789,0,0,0,0,0,0,0,0
633,0,0,0,0,0,0,0,0,0,0,0,0,0,0,0,0,0,0.746659293147655,1.40553566939822,1.43782363883163,1.21584384897692,0.91415313458348,0,0,0,0,0,0,0,0,0,0,0,0,2.73207341468294,2.01844218843769,1.59387677535507,0,0.780879175835167,6.65654330866173,3.56815613122625,2.65378475695139,0,0,0,0,0,0
634,0,0,0,0,0,0,0,0,0,0,0,0,0,0,0,0,0.229376125225045,0,0.229376125225045,0.087615773154631,0,0,0,0,0,0,0,0,0,0,0.109273604720944,1.77200440088018,0,2.04568063612723,3.28017703540708,8.62867698539708,4.35322414482897,3.44457966593319,0.524710192038408,0,0,0,0,0,0,0,0,0
635,0,0,0,0,0,0,0,0,0,0,0,0,3.18943788757752,3.36585367073415,1.21796659331866,0,0,0,0,0,0,0,0,0,0,1.28474544908982,1.5498674734947,0.188376175235047,0,0,0,0,0.697689537907581,0.265122024404881,0.343861272254451,0,7.31876325265053,6.84234096819364,4.9825,2.04921384276855,0.918956791358272,0,0,0,0,0,0,0
636,0,0,0,0,0,0,0,0,0,0,0,0,3.10913782756551,3.47573914782957,1.40464092818564,0.454266853370674,0,0,0,0,0,0,0,0,0,0,0,0.298859771954391,0,0,0,0.254030806161232,0,0,0.166365273054611,0.465225045009002,2.98760152030406,4.98,2.3570074014803,0,0,0,0,0,0,0,0,0
637,0,0,0,0,0,0,0,0,0,0,0,0,0,0,0,0,0,0,0,0,0,0,0,0,0,0.273189637927586,0.130698639727946,0,0,0,0,0.371459291858372,0.0658406681336267,0,0,0,0,5.58957791558312,3.71164482896579,3.53672484496899,3.52591518303661,1.00431586317263,0,0,0,0,0,0
638,0,0,0,0,0,0,0,0,0,0,0,0,0,0,0,0.743845019003801,1.49667608521704,0.998449689937988,1.49767453490698,1.38684661932386,1.35289932986597,0.279020209129298,0,0,0,0,0,0,0,0,0,0.321174341443797,0,0,0,0.876203750251357,4.8808463201287,3.69350492660366,3.64934345465514,3.59313794490247,1.47539463100744,0,0,0,0,0,0,0
639,0,0,0,0,0,0,0,0,0,0,0,0,0,0,0,0,0,0,0,0,0,0,0,0,0,0,0,0,0,0,0,0,0,0.272939372612105,0.0219148401367384,0,0,0,2.29508143977478,5.53050874723507,3.69364669213754,3.3011718278705,0,0,0,0,0,0
640,0,0,0,0,0,0,0,0,0,0,0,0,0,0,0,0,0,0,0,0,0,0,0,0,0,0,0,0,0,0,0,0,0,0,0.369399758696964,2.72741805751056,1.73905087472351,0,1.09730544942691,6.46499095113613,3.56426201488035,3.56426201488035,0.80416247737784,0,0,0,0,0
641,0,0,0,0,0,0,0,0,0,0,0,0,0,0,0,0,0,0,0,0,0,0,0.250644480193042,0,0,0,0.0875266438769355,4.76920747033984,1.81219937663382,1.34174366579529,2.30254750653529,1.15674416850995,0,0,0,0,0,0,0,0,0,0,0,0,0,0,0,0
642,0,0,0,0,0,0,0,0,0,0,0,0,0,0,0,0,0,0,0,0,0,0,0,0.294655891815805,0.0535737985119646,0,0,0,0.0436527247134526,0,0.065479087070179,1.11016815805349,6.553861351297,1.39291876131108,1.18656042630203,0,3.09140659561633,7.90312738789463,5.11629775789262,0.52284058918158,0,0,0,0,0,0,0,0
643,0,0,0,0,0,0,0,0,0,0,0,0,0,0,0,0,0.0979901467926805,0.230976774582747,0,0,0,0,0,0,0,0,0,0,0,0,0,0.240975769153429,0,0.350964709430927,0,5.49644731550372,4.42155539915544,3.62063593404384,3.24767343655741,3.04969334405791,0.460953649708426,0,0,0,0,0,0,0
644,0,0,0,0,0,0,0,0,0,0,0,0,0,0,1.48962623165091,1.22896641866077,0.435093756283933,0,0,0,0,0,0,0,0,0,0,0,0,0,0,0.532221747436155,0.13082545747034,0,0,0,4.2082188819626,4.18740574100141,3.7622230042228,1.47872411019505,0,0,0,0,0,0,0,0
645,0,0,0,0,0,0,0,0,0,0,0,0,0,0,0,0,0,0,0,0,0,0,0,0,0,0,0,0,0,0,0,0,0,0,0,0,3.68753675913294,4.62243342933657,3.97281036834925,2.59749128391693,1.48542468798949,1.36530948410894,1.18813955838512,0,0,0,0,0
646,0,0,0,0,0,0,0,0,0,0,0,0,0,0,0,0,0,0,0,0,0,0,0,0,0,0,0,0,0,0,0,0,0,0.132126724268607,0.275264008892931,0,3.22409226416048,4.644454550048,2.18009095043201,0,0,0,0,0,0,0,0,0
647,0,0,0,0,0,0,0,0,0,0,0,0,0,0,0,0,0,0.350538881309686,1.72473119094538,1.11952731039361,0.97771385983528,0.778975291799303,0.384494214541964,0,0,0,0,0,0,0,0,0,0,0,0,0,1.60389015208933,5.53372063058966,3.75506038098125,3.87690010610884,2.53666312970542,0,0,0,0,0,0,0
648,0,0,0,0,0,0,0,0,0,0,0,0,0,0,0,0,0,0,0.0985948158253752,1.62034106412005,1.24787175989086,1.09549795361528,1.37933151432469,1.1612278308322,0.492974079126876,0,0,0,0,0,0,0,0,0,0.272878581173261,0,4.68673942701228,3.53746248294679,3.15403819918145,2.94489768076398,0,0,0,0,0,0,0,0
649,0,0,0,0,0,0,0,0,0,0,0,0,0,0,0,0,0,0,0,0,0,0,0,0,0,0.363898741852357,0,0,0,0,0,0.551361730079329,0,0.441089384063463,0,0,0,0,0,0,0,6.81182355616189,3.61492799757466,1.13580516396342,1.00247587287151,0.187462988226972,0,0
650,0,0,0,0,0,0,0,0,0,0,0,0,0,0,0,0,0,0,0,0,0,0,0,0,0,0.323416451922591,0,0,0,0,0.0669137486736395,0.234198120357738,0,0,0,0,0,0,0,0,0,0,0,1.66067758071851,1.53901621949371,0.155118235561619,0,0
651,0,0,0,0,0,0,0,0,0.45371178818655,0.45371178818655,0,0,0,0,0,0,0.752497599919155,0,0,0,0,0,0,0,0,0,0,0,0,0,0,0,0,4.52403971502198,4.04819564448487,3.51802688090546,3.15183820928705,3.88320953968976,3.2403673386893,3.36310090445152,2.79772169167804,2.28968521044919,0,0,0,0,0,0
652,0,0,0,0,0,0,0,0,0,0,0,0,0,0,0,0,0,0,0,0,0,0,0,0,0,0,0,0,0,0,0,0,0,6.87747880500606,3.58328371013323,3.54992733144933,3.44985819539766,3.30531388776746,2.89290775131207,3.4276206096084,3.08192723052079,1.71431570448123,0,0,0,0,0,0
653,0,0,0,0,0,0,0,0,0,0,0,0,0,0,0,0,0,0,0,0,0,0,0,0,0,0,0,0,0,0,0,0,0,1.26475322971336,1.5640613645539,3.87185809446912,4.01596941865159,3.14021598708115,3.1623869600323,3.11703724263222,0.444427230520791,0,0,0,0,0,0,0
654,0,0,0,0,0,0,0,0,0,0,0,0,0,0,0,1.04441991320145,1.18833997779572,0.858523163100525,1.19933387161889,0.77057201251514,0,0,0,0,0,0,0,0,0,0,0,0,0,0,0,0,1.04541935809447,6.21654723455793,3.99378179249092,3.64197719014937,3.02631913605168,3.00333190351231,2.28872880500606,0,0,0,0,0
655,0,0,0,0,0,0,0,0,0,0,0,0,0,0,0,0,0,0.708522153815099,1.4049843560759,1.67030329027049,0.553752775534921,0,0,0,0,0,0,0,0.8843964473153,5.70938206499798,3.60693051069843,3.40794131005248,3.26422688736375,2.82102366774324,3.25317193177231,3.67326024424707,3.15267233548648,2.58886960032297,0,0,0,0,0,0,0,0,0,0
656,0,0,0,0,0,0,0,0,0,0,0,0,0,0,0,0,0,0,0,0,0,0,0,0,0,0,0,0,0,6.44103249899072,4.52074333871619,3.76044105773113,3.1433841340331,3.44089372224465,2.89996719822366,3.1764407549455,2.69060859911183,3.06625201857085,2.99913706096084,0.695190754945499,0,0.0440754945498587,0.099169862737182,0.253434093661688,0,0,0,0
657,0,0,0,0,0,0,0,0,0,0,0,0,0,0,0,0,0,0,0,0,0,0,0,0,0,0,0,0,0,0,0,0.320110769075495,0,0.0220766047638272,7.28026216188938,3.81222824989907,3.51218712151797,3.39176927735164,2.98335208922083,3.74499495357287,3.23622956197013,3.02750529874849,2.485625,0.055191511909568,0,0,0,0
658,0,0,0,0,0,0,0,0,0,0,0,0,0,0,0,0,0,0,0,0,0,0,0,0,0,0,0,0,0,0,0,0.318661939846589,0.275707509083569,7.01555737787646,3.70606832862334,3.54124318732338,3.42037141703674,3.38740638877675,2.93588539563989,3.25554627573678,3.49728981631005,3.05775610617683,0.186801826806621,0,0,0,0,0
659,0,0,0,0,0,0,0,0,0,0,0,0,0.98514331853048,0,0,0,0.807214372224465,1.42745256358498,1.15100928542592,0.863508276140493,0.683377367019941,0.708391179868401,1.15063539102918,0.564311617861269,0,0,0,0,0,0,5.61109849816666,3.79609623788237,3.59598573509468,3.44190064794816,3.02166859209403,3.1537415239339,3.08770505801396,0.586323773167914,2.81155256416696,2.77753377869305,0.96253151840876,0,0,0,0,0,0,0
660,0,0,0,0,0,0,0,0,0,0,0,0,1.06312019689588,0,0,0,0,0,0,0,0,0,0,0,0,0,0,0,4.67292380330504,4.53978351499322,3.83103671706264,3.63082575719524,3.76496710030639,3.47666331809734,3.38857049575569,5.89020643929881,4.43967803505952,0.964015771761515,2.34747350444523,2.31343764126777,2.31443869606711,2.45758953237229,2.59173087548345,2.13625094178512,0,0,0,0
661,0,0,0,0,0,0,0,0,0,0,0,0,0,0,0,0,0,0,0,0,0,0,0,0,0,0,0,0,0,0,0,0,0.0998292229644884,3.29037118890954,3.19054196594505,3.1915402581747,7.89449495203174,4.86966949620775,3.58886056557336,3.46706891355668,0.850544979657441,0,0,0,0,0.628924104676277,2.71635315686373,1.55733587824602
662,0,0,0,0,0,0,0,0,0,0,0,0,0,0,0,0,0,0,0,0,0,0.43394419609222,1.61495705459842,1.62603219649405,1.44782309508263,1.41359083831433,0.512477020443016,0,0,0,0,0,0,0,0,5.35634135315687,7.96302702295444,6.94914812396404,6.3913637048571,6.51520392787182,6.52627906976744,6.50312195489477,2.9177964739565,2.04890125069064,2.32779346024411,1.3582151288362,0,0
663,0,0,0,0,0,0,0,0,0,0,0,0,0,0,0,0,0,0,0,0,0,0,0,2.21711085438746,1.27493897232407,1.32004294540158,1.38519312873575,1.18673564719474,0.920121050781054,0.753737505650711,0.309713948465518,0,4.12450776030941,4.33499296800442,6.7956652770104,6.3636694459792,6.61825631623889,6.39674569290271,7.16150861419459,6.09805716007836,3.62535712491838,3.05905168516751,0.45504897282636,0,0,0,0,0
664,0,0,0,0,0,0,0,0,0,0,0,0,0,0,0,0,2.51869355567834,1.21972575217238,1.61994826460395,0.177542317544829,0,0,0,0,0,0,0,0,0,0,0,0,0,0,0,0,0,0,0,0,0,0,0,0,0,0,0,0
665,0,0,0,0,0,0,0,0,0,0,0,0,0,0,0,0,0,0,0,0,0,0,0,0,0,0,0,0,4.61625269978402,4.5169245065046,3.57380832789191,3.43936410668542,3.06312095032397,3.29589004972625,2.95175297604099,3.14137952684715,1.22003114169471,0.0672221106032448,0,7.2128321362198,5.37074564267417,5.56037219348034,3.38418177708574,1.69861243658647,0,0,0,0
666,0,0,0,0,0,0,0,0,0,0,0,0,0,0,0,0,0,0,0,0,0,0,0,0,0,0,0.187886786771717,3.12011993777287,1.61502684799518,0,2.60043308074472,4.61322025392683,2.68838008731871,2.75533974005119,2.79931324333818,2.67738671149696,2.64440658403172,2.75434034224921,2.40155291815125,2.32359988959703,4.69117328248106,4.05955387163146,3.38595975309881,0.84049355146284,0,0,0,0
667,0,0,0,0,0,0,0,0,0,0,0,0,0,0,0,0,0,0,0,0,0,0,0,0,0,0,0,0,0,0,0,0,0.0894376975962262,0.689373714056306,5.57427987153109,2.93637025141767,5.71898805640588,5.57327495358057,5.39540447633864,3.86089476589552,2.54746700456667,2.55852110202238,2.7926669844934,0.423070457168666,0,0,0,0
668,0,0,0,0,0,0,0,0,0,0,0,0,0,0,0,0,0,0.144527525467958,0,0,0,0,0,0,0,0,0,0,0,0,0,0,0,0,3.99959853465148,5.3003462638631,6.23274953580569,5.75600943443569,5.50007527475285,4.07788427761329,2.64465298338937,2.59948813168063,1.05585386661314,0,0,0,0,0
669,0,0,0,0,0,0,0,0,0,0,0,0,0,0,0,0,0,0,0.12198775530687,0,0,0,0,0,0,0,0,0,0,1.77082225121694,2.88871004165203,8.03719325538215,5.98839890600693,3.39865885482009,2.68973001455312,5.91040673458122,2.86771214934511,2.64573443067195,2.55674336327596,2.45775329954333,2.52374667536508,2.66773222261254,1.316867817534,0,0,0,0,0
670,0,0,0,0,0,0,0,0,0,0,0,0,0,0.121139659758117,2.88232297887289,0,0,0,0,0,0,0,0,0,0,0,0,0,0,0,5.86275907060772,3.20269232699353,3.62517940482762,3.76834445726903,4.26691925528178,2.68209213629749,2.9253726100266,3.17065539218146,2.80423295026848,2.99244994228936,3.34685853364781,2.71513022532243,2.01732573894716,0,0,0,0,0
671,0,0,0,0,0,0,0,0,0,0,0,0,0,0,3.34420635318914,0.211772971345411,0,0,0,0,0,0,0,0,0,0,0,0,0,0,0,0,5.95573844532544,6.06614141616902,5.93365785115672,5.92261755407236,6.35519646710493,5.60044161188338,2.76609625131731,2.71089476589552,2.65569328047373,2.66673357755809,2.99994981683143,2.78918050885733,0.0893260400461685,0,0,0
672,0,0,0,0,0,0,0,0,0,0,0,0,0,0.0550496813368796,2.68141993275455,2.60435037888292,0.996899683846038,0,0,0,0,0,0,0,0,0,0,0,0,0,0,0,3.84446956390827,4.83136021478396,2.93665027349827,3.12482009334069,2.95867014603302,2.61435941185326,2.63738018768505,3.21390048677673,2.98069001856777,2.63738018768505,2.82555000752748,1.20708937622321,0,0,0,0
673,0,0,0,0,0,0,0,0,0,0,0,0,0,0,4.62566869072113,4.45755407236413,2.13918301801576,0.47917699603553,0,0,0,0,0,0,0,0,0,0,0,0,0,0,4.04625453817071,3.08692656300859,2.99752322291495,2.86492501064123,2.73031773454518,2.66301409649716,2.58566513933749,2.54146573524625,2.88602018077568,2.68611833045394,0.857870252134505,0,0,0,0,0
674,0,0,0,0,0,0,0,0,0,0,0,0,0,0,3.1998798167205,3.1778462154786,0.289441398132151,0,0,0,1.52232154034903,1.15576253787025,0.899371541600941,0.922406670172012,0,0.0440672024837878,0.211322266456346,0,0,0,0,0,0,0,0,0,0.511780465209444,8.03325070732868,6.18843736698465,5.55647362227397,5.66664162848344,5.30008262600466,2.88840481734645,0,0,0,0,0
675,0,0,0,0,0,0,0,0,0,0,0,0,0,0,0,0,0,0,0,0,0,0,0,0,0,0,0,0.314823355617316,3.22314329352262,3.16746713738451,3.25654898720549,9.42243020606425,6.24484013120008,4.36905981621973,4.42473597235785,4.5705062720649,3.38106111820526,2.94273792533614,2.79595533188112,2.86377901299482,2.74027917574301,3.06623776258795,2.65018503217407,2.66233255714965,0,0,0,0
676,0,0,0,0,0,0,0,0,0,0,0,0,0,0,0,0,0,0,0,0,0,0,0,0,0,0,0,0,0,2.65504894964821,9.16697964395703,6.76732016324895,6.4778787651168,4.88845489371291,6.33365882971531,6.26655649866046,6.31162522847342,6.97764090237612,6.10030296201708,4.4668118881294,3.05565988131901,3.55542201857833,2.76722001051604,1.81076141115201,0,0,0,0
677,0,0,0,0,0,0,0,0,0,0,0,0,0,0,3.34383685119808,3.33174340869826,0.156206965622574,0,0,0,0,0,0,0,0,0,0,0,0,1.21841433185608,5.6798868274118,3.65625078244323,5.06513683367135,5.73531510553594,5.83710157990936,5.99230075865695,5.36747289616665,4.93009339242345,2.96289341245399,2.89637947870502,2.79459300433161,0.212643030621698,2.48217907308646,2.65047948120884,0.9725143343599,0,0,0
678,0,0,0,0,0,0,0,0,0,0,0,0,0,0,3.20688299656977,3.29590750895115,1.01027817421568,0,0,0,0,0,0,0,0,0,0,0,0,0,5.96964370665265,4.2401675054458,6.75786073762488,6.09267758331456,6.78086707228524,5.82560404617041,6.44777535742007,5.0713963794787,2.7967700743634,2.56370590149979,2.62972407922081,3.45195047447357,3.0738463657077,3.16287087808909,5.25944815844162,4.16214602268459,0,0
679,0,0,0,0,0,0,0,0,0,0,0,0,0,0,4.83234132051378,2.07926237512206,0.408675730488996,0,0,0,0,0,0,0,0,0,0.984808833471043,1.09445354165102,0.75256140614437,0.729635694434012,1.52605498385037,4.16849245098776,2.95342973033877,2.79793359873808,3.23950274168106,2.91953954781041,3.53853376399009,3.22953504093743,2.87568166453842,3.28435739502742,2.81986254037407,3.57142717644408,3.31725080748141,2.94246525952077,1.00574100503267,0,0,0
680,0,0,0,0,0,0,0,0,0,0,0,0,0,0,3.35192293247202,3.350922657052,0.355097774105511,0,0,0,0,0,0,0,0,0,0,0.278018757327081,0,0,0,0,5.52649472450176,4.18323563892145,3.31828839390387,3.38505275498242,3.11799531066823,3.14091441969519,1.45287221570926,0,0.677608440797187,5.52649472450176,3.79460726846424,3.05222743259086,0,0,0,0
681,0,0,0,0,0,0,0,0,0,0,0,0,0,0,2.99592527001073,3.38491556708488,0.233994163278541,0,0,0,0,0,0,0,0,0,0,0,0,0,0,3.94190167369235,4.76688109550772,3.90890249681974,4.5878855603502,6.44783916589758,6.51483749469956,5.20087027013544,5.33386695268265,3.1849205557357,3.58591055349081,3.58591055349081,3.00692499563493,3.1739208301115,2.87292833803098,3.03992417250755,0,0
682,0,0,0,0,0,0,0,0,0,0,0,0,0,0,0,0,0,0,0,0,2.63927564790103,2.77223915592028,1.68053877428849,0.233935796063955,0,0,0.088975580554239,2.70525753909855,1.97045920530792,0.501862263350877,0,0,0,2.01444713277294,3.65199770522062,3.31808934673617,3.31708962111197,3.66299468708688,3.31808934673617,9.18547903519493,7.10305055997605,6.88011174577835,6.14531341198773,5.12159437280188,3.75197026764112,1.30264248833903,1.336633159562,1.30264248833903
683,0.726769100296825,0,0,0,0,0,0,0,0,0,0,0,0,0,0,0,0,0,0,0.448325060487391,3.05584794592302,1.29873537701729,0,0.291511810630815,0,0,2.54117881818862,2.82062807113816,2.67587737896286,2.5854081963533,2.57535606495223,2.5854081963533,3.30212516524906,10.7577910254172,6.48261954054526,6.24639445262029,5.92171060836597,5.93276795290714,5.77695991619067,4.24199945124841,3.05685315906313,3.05584794592302,2.72010675712753,3.4368237260233,0.189985283480083,0,0,0
684,0,0,0,0,0,0,0,0,0,0,0,0,0,0,2.94573046319623,0,0,0,0,0.280593649447507,0,0,0,0,0,0,0,0,0,0,0.358033473846998,6.50695667356763,4.18879050160884,3.48378638597191,3.24744406475269,3.33795814521963,3.25951260881495,3.94239106033773,5.81301538998778,5.38659349978798,5.89146092639246,6.1599860317777,5.83514105410192,5.589747324836,4.58001247162705,2.64401686163977,2.22865780349704,1.14248883789379
685,0,0,0,0,0,0,0,0,0,0,0,0,0,0,3.02192586864882,0.167828939163403,0.18993814072984,0,0,0,0,0,0,0,0,0,0,0,0,0,0,6.22273527724427,5.36047641615325,7.10710333990172,7.50908882292784,7.07393953755207,6.99454740465441,6.88299643311466,6.43478261954054,6.07802050335487,3.15558604175501,3.0892584370557,2.95459330024195,0.87230849816667,0,0,0,0
686,0,0,0,0,0,0,0,0,0,0,0,0,0,0,3.25547055448854,3.36696615200419,1.81205457583996,0,0,0,0,0,0,0,0,0,0,0,0,0,5.9966551096256,4.20569429547779,3.55681000723354,3.54676535880871,3.44531440971789,2.97522486343568,3.23236786311142,2.81953281285076,3.15401960539772,3.04252400788207,3.35591703873687,2.75223366840438,3.1429704921304,4.46384175999601,5.03337332568407,2.87477837918735,1.65535806041256,0
687,0,0,0,0,0,0,0,0,0,0,0,0,0,0,3.15345713501783,3.38738120775236,0.783093462373101,0,0.145575066723205,0.301189793220424,0,0,0,0,0,0,0,0,0,0,0,6.33963334081109,3.91373787980757,3.33184401405818,3.07500810089982,3.54353298935666,3.30977217777113,3.0639721827563,3.46527829706623,3.41110197163439,3.07400483561405,3.28770034148409,5.43368478775642,4.30501134125975,0,0,1.76574690296368,1.97944240883372
688,1.96740322540442,0.089290610433959,0,0,0,0,0,0,0,0,0,0,0,0,3.15326279319026,0,0,0,0,0,0,0,0,0,0,0,0,0,0,0,0,6.46303497096139,3.6338268650764,3.56660809092948,3.49938931678257,2.98571749046586,3.28669707619831,2.84024402402851,3.09707993718687,2.82820484059922,3.13119095690321,3.01882524489643,2.95160647074952,3.32080809591465,5.84703008549565,5.66844886462773,0.0230751015728209,0
689,0,0,0,0,0,0,0,0,0,0,0,0,0,0,0,0,0,0,0,0.377025598843441,0,0,0,0,0,0,2.08408609387073,5.46537899748249,3.5583656123034,3.37035020813081,3.03809018170941,3.27087115830405,3.60213639422717,6.34178942645629,6.23037289065031,6.19754480420748,4.16817218774147,0,0,4.15722949226052,3.23804307186121,0.454619257708318,0,0,0,0,0,0
690,0,0,0,0,0,0,0,0,0,0,0,0,0,0,0,0,0,0,0,0,0,0,0,0,2.05707420424238,2.058067000673,1.29460654552706,4.83491861711409,8.63037937137017,6.72718861387373,6.73810937461053,6.38368104887958,5.77608963334081,3.31891846755901,3.93842344026521,3.20871806376031,2.77685161644109,2.9873244597323,3.06476258132057,2.66665121264239,6.17420100201899,5.49909942919813,3.94934420100202,4.28193100525935,2.5673715695805,0.387190607941374,0,0
691,0,0,0,0,0,0,0,0,0,0,0,0,0,0,3.14441337022358,0,0,0,0,0,0,0,0,0,0,0.298006430868167,0.287115830404546,0,0,5.38391684737905,3.90576534808943,5.14135347341659,5.64925147685635,5.41757870335751,6.02448216555747,5.64925147685635,6.2007118821506,5.52846481716892,5.48292230613924,5.08690047109848,5.42846930382113,5.08690047109848,5.17402527480745,5.47302176026322,3.47608165707022,1.3682554400658,0,0
692,0,0,0,0,0,0,0,0,0,0,0,0,0,0,3.19862184999626,3.24201974126972,1.30785463246841,0,0,0,0,0,0,0,0,0,0,0,0,0,1.64911986839154,5.96819636581171,3.88016600613176,3.52903761310102,3.45111867195095,3.29725342107231,3.27654079114634,3.54975024302699,5.11108801316085,5.48490166753907,4.8477417183878,4.93552381664548,5.02330591490316,5.40796904209975,4.94637328946384,2.26458087190608,2.25274508337695,0.352114708741494
693,0,0,0,0,0,0,0,0,0,0,0,0,0,0,0.596463022508039,0.253645404920362,0,0,0,0,0,0,0,0,5.49895311448441,3.74325132730128,3.62138263665595,3.44601061841023,3.49951394601062,2.98132431017722,3.1913744111269,3.01402078815524,3.04770806849622,3.1249906528079,5.60992297913707,4.47149106408435,6.03993120466612,6.53731399087714,5.98444627233979,6.40454647423914,5.40978090181709,2.95952665819188,2.97042548418455,1.81118671950946,0,0,0,0
694,0,0,0,0,0,0,0,0,0,0,0,0,0,0,0.0553441012986366,0,0,0,0,0,0,0,0,0,2.13106252032724,5.50642315678867,4.03689900177629,3.55513747466913,3.31880163118261,3.2632526081409,3.40970003252358,2.94914813239599,3.36425083185309,2.8481499086838,3.25214280353256,2.76937129418829,3.16225438442871,2.88248930474594,3.40869005028646,3.64502589377299,3.16225438442871,3.05014635610818,5.16908908958995,5.49531335218033,3.20669360286207,2.16439193415226,0,0
695,0,0,0,0,0,0,0,0,0,0,0,0,0,0,3.25310450076305,3.34108028320532,0.942740486852969,0,0,0,0,0,0,0,0,0,0,0,5.26155162492807,4.22983563083235,5.4385029146131,5.70542943634135,5.55047209226689,5.70542943634135,6.28227064621851,5.30653924094969,4.55074729178655,2.95218733581847,3.01916889745065,3.06415651347227,2.90819944459733,6.21628880938681,5.99335017887969,6.00534687648545,2.70825448450126,1.2766485702134,1.30963948862926,1.13268819894423
696,0,0,0,0,0,0,0,0,0,0,0,0,0,0,0,0,0,0,0,0.364342648420105,3.25021515598809,2.46478797127918,0.0995471716994821,0,0,0,1.08307322809037,6.38794200795577,3.55980685997348,3.55881138825649,3.39356308323535,3.54786119936954,4.24369592954892,5.88025143228841,7.22911560881639,6.00169898176178,5.96785294338395,5.93599784844012,5.91310199894924,5.8245050161367,5.84740086562758,6.1121963423482,6.35509144129494,4.85292462034975,3.07202571864602,0.707780390783318,0.287691326211503,0
697,0,0,0,0,0,0,0,0,0,0,0,0,0,0.0327680068049336,0,0,0,0,0,0,0,0,0,0,0.132064997122914,1.70890120337245,6.17428685797203,4.1009657001326,3.451563383453,3.49426108928974,5.19323259363038,5.78802156563509,6.03030622201096,5.70064021415526,5.69964724425208,5.80986690350504,5.53481424032424,5.85455054914813,6.30635185509494,5.26969127617523,5.11578094118236,4.89534162267644,4.85065797703335,5.19323259363038,5.17039428585725,0.783453253608867,0,0
698,0,0,0,0,0,0,0,0,0,0,0,0,0,0,0,0,0,0,1.19477045858247,3.28636611543369,0.884867528958495,0,1.0622396237272,3.23056365865252,3.20864126491707,3.17476120187136,3.20864126491707,7.70073903580096,7.55724700407796,7.0470531135073,6.7271854594581,6.48404618348303,5.46465487478422,6.45116259287984,6.74910785319357,5.45369367791649,5.78651547371845,5.53241500087563,5.58722098521428,6.14026319081334,5.16770608691301,5.33212403992895,4.90164794475995,4.84584548797879,2.06867679067324,1.87037877461159,1.8803434990368,0.343782992669686
699,0,0,0,0,0,0,0,0,0,0,0,0,0,0,0,0,0,0,1.25927172199845,5.82550048785369,3.68025893772985,3.26116534487503,3.10587175702384,0,0,2.97247854694654,3.96795026394136,3.11682194591079,3.22831477821421,3.1715728903455,2.91772760251182,5.18441670210903,5.32776462935628,5.71400765555027,5.4601623677166,5.81355482724976,5.27201821320457,5.75880388281504,5.27201821320457,5.72595331615421,5.44921217882965,5.18342123039203,5.23916764654374,3.50406044382177,1.63556003102249,0,0,0
700,0,0,0,0,0,0,0,0,0,0,0,0,0,0.0219609216682095,3.34704410697756,3.24722173575842,1.38553451252158,0,0,0,0,0,0,0,0,0,1.36856470941433,6.02428010307473,3.70141352480548,3.43987891221135,3.43888068849916,3.27517199969978,4.6217757874459,6.41857846939031,4.76452177828926,4.54491256160717,4.72059993495284,4.61079532661179,4.38120387280779,6.42955893022441,5.92545595556779,6.92168322033474,5.23568337044357,2.48657526706862,2.48557704335643,1.42446523729704,1.24877786395136,0.449200670486102
701,0,0,0,0,0,0,0,0,0,0,0,0,0,0,0.0209784593830527,0,0,0,0,0,0,0,0,0,0,0,6.23449450880096,3.98178652023469,3.78254701369039,3.42711975327215,3.73749285391906,6.34462689935309,6.68904092071611,6.71006619527606,6.23349330525049,6.62196028283436,6.96637430419738,6.41070633368437,6.02324055965097,5.24630660448323,4.42531969309463,5.47958703174364,4.64758688129984,2.30677298029186,2.30777418384234,2.30677298029186,0.111133594102603,0
702,0,0,0,0,0,0,0,0,0,0,0,0,0,0,2.91187678652024,3.25836091469836,3.26944034902964,1.36176320144426,0,0,0,6.13699939822476,4.76516398375207,4.21723559500527,4.29680607792989,3.70455995185798,3.5031156912893,6.13800661952761,6.77255604031894,6.09268166089965,4.82056115540845,4.56371972318339,4.50832255152701,4.97668045734918,5.23352188957424,5.74619753272153,5.43496615014292,5.40072062584625,5.61223709944336,6.20448322551527,5.81368136001204,5.65756205807131,5.51151496915902,3.3590830449827,4.77624341808335,5.98088009628404,5.50144275613059,5.74619753272153
703,0.98497442455243,0,0,0,0,0,0,0,0,0,0,0,0,0,0,0,0,0,0,0,0,0,0,0,2.86501278772378,3.38023017902813,3.30143222506394,6.25635549872123,8.66272378516624,4.991547314578,3.81563938618926,3.87322250639386,3.30143222506394,4.77838874680307,5.71992327365729,5.42796675191816,5.51686700767263,5.66335038363171,6.02097186700767,6.44728900255754,6.26746803069054,2.84278772378517,6.23312020460358,6.64832480818414,4.24195652173913,4.43187979539642,4.33085677749361,4.29852941176471
704,1.8803550473898,0,0,0,0,0,0,0,0,0,0,0,0,0,0,0,0,0,0,0,0,0,0,0,0,2.96015295120606,6.30903314778597,3.89530815906925,3.91640188556241,6.29898851612256,6.75501479364124,6.63146582418134,6.58827390802869,6.5541221603731,3.99475001253698,3.17209467930395,3.44932651321398,3.37198284940575,3.17109021613761,3.83905822175418,3.50557645052906,3.29363472243117,3.12789829998496,3.09274208916303,3.50557645052906,2.21484128178125,0,0
705,0,0,0,0,0,0,0,0,0,0,0,0,0,0,2.80026076926934,3.31076676194775,2.78922822325861,0,0.277819567724788,0,0,0,0,0,0,0,5.48819016097488,4.74499774334286,4.25555388395767,3.58858632967253,6.17822576600973,4.30068702672885,4.28865152198987,5.94453638232787,6.44501278772379,6.05486184243518,6.63356902863447,6.31161927686676,5.74494759540645,5.73291209066747,6.17822576600973,5.97763402036006,2.51140865553382,2.45524296675192,6.05586480116343,5.42199488491049,0,0
706,0,0,0,0,0,0,0,0,0,0,0,0,0,0,2.91158918810491,3.32179930795848,2.38904769068753,0,0,0.155458602878492,0,0,0,0,0,0,0,0,0,0,6.23338849606339,5.11208063788175,5.06594453638233,6.8231282282734,7.14407502131287,6.52224060979891,6.51120806378817,6.57840629858081,6.12206007722782,5.91143874429567,5.84424050950303,5.75598014141718,5.90040619828494,5.55538839576751,4.3889473948147,1.28880196579911,0.899653979238754,0
707,0,0,0,0,0,0,0,0,0,0,0,0,0,0,0,0,0,0,3.16341281781255,2.00439947846146,0,1.39222330876084,10.4683130234191,7.86178952911088,6.96011132841884,7.60646482122261,6.55903038964947,5.86945263527406,5.93479163532421,6.33687778947896,6.48162880497468,6.44745148187152,6.5489782357956,6.48062358958929,6.31476305100045,6.58114512812798,6.20318414322251,5.82421794293165,5.62418008123966,5.43419437340154,5.57995060428263,5.66740434281129,5.81416578907778,3.48508174113635,0,0,0,0
708,0,0,0,0,0,0,0,0,0,0,0,0,0,0,0,0,2.23227621483376,1.41940173287723,0,0,0.331756598167245,7.19335713750656,4.33170815750705,3.84599265899273,3.88969712102674,3.51324277759744,3.44768608454643,3.47053159879148,3.44768608454643,3.30366001647981,3.2381033234288,5.21573023046768,6.25371120377538,6.58646108517067,5.90109565781917,3.06030562560863,3.17155334714974,4.38733201827761,6.96192214537192,6.51891782566356,5.92294788883618,5.50378236660092,5.66866738245649,5.64681515143949,3.34736447851382,2.35408125046818,0.99427651127369,0
709,0,0,0,0,0,0,0,0,0,0,0,0,0,0,2.93181352842768,3.32305725486279,2.30522010537092,0,0,0.25747659117581,0,0,0,0,0,0,0,0,5.57195435591401,4.442476965717,4.19606382181827,6.03058453394592,5.76204449549302,6.17642088441659,6.06478064371145,5.69566381183051,5.99739419211466,6.041647981223,4.54305375914505,1.34270019226448,0,0,0,0,0,0,0,0
710,0,0,0,0,0,0,0,0,0,0,0,0,0,0,0,0,0,0,0,0,0,0,0,0,0,0,0,0,1.67570950585533,10.7560670678419,7.02613248770256,7.2148882618792,6.64661289919848,6.65665309995256,6.72492646508028,5.40564408599466,4.80323204075008,4.4899777772229,5.30524207845389,5.3062460985293,4.25503707957752,4.75905515743215,3.51808634422832,1.30723413818073,1.3172743389348,0.65964118954281,0,0
711,0,0,0,0,0,0,0,0,0,0,0,0,0,0,0,0,0,0,0,0,0,0,0,0,0,0,0,5.21588429174261,4.70283003320932,3.8313406077555,3.88656171190292,3.74198282104422,3.50704212339884,3.4628652400809,4.24499687882344,4.15463507203676,3.44077679842193,4.47893355639342,6.22090838722565,6.05424105470798,5.70785412869235,5.5964079003221,5.42773252765362,1.45281704911483,0,0,0,0
712,0,0,0,0,0,0,0,0,0,0,0,0,0,0,2.93444580389024,3.35034357911558,3.29294364403606,0.370582037004669,0,0,0,0,0,0,0,0,0,3.79745886289296,5.44493770131589,4.20127244125946,3.8085360433469,3.56282404055033,5.19821868211441,6.26263502209793,5.81451272191565,5.71280406502035,6.06123174111713,6.00483882244251,5.54563934180629,6.0269931833504,5.51240780044446,3.75214312467228,3.11470174036805,2.40878324053035,0,0,0,0
713,0,0,0,0,0,0,0,0,0,0,0,0,0,0,2.88826562460985,3.31333491472946,2.07421783315439,0,0,0,0,0,0,0,0,0,0,0,0,0,7.41665709505855,4.2045768933057,3.70331593797598,4.18151888936053,4.87426152962621,6.08931808534545,5.93392718919324,5.68830932108167,5.63216809408475,6.01112137631401,5.63216809408475,5.52088816200155,5.92189692626532,1.36142475467552,0,0,0,0
714,0,0,0,0,0,0,0,0,0,0,0,0,0,0,2.82601513146396,3.27391944867537,1.83178805962696,0,0,0,0,0,0,0,0,0,4.98318659641939,4.43585957202427,3.92167345002372,3.56415341207021,3.37334215585907,3.25182551374566,3.5079143049764,4.55838048390721,6.02160153811581,6.20136582686209,5.75346150965068,5.76551274688507,5.8317945516742,5.73136757472097,5.93222152862743,4.27919348797723,3.17349247172214,3.08310819246423,0.290233963394841,0,0,0
715,0,0,0,0,0,0,0,0,0,0,0,0,0,0,0.614918724562411,2.2587210666933,1.26299483133162,0,0,0,0,0,0,0,0,0,0,0,0,0,6.10264906600249,4.51610062266501,4.26954919053549,3.77845080946451,3.55394869240349,3.42065056039851,3.29737484433375,3.82355168119552,5.83404831880448,6.04752577833126,6.572700373599,6.29307496886675,5.95732403486924,5.81300124533001,3.8676503113325,0.525174595267746,0,0
716,0,0,0,0,0,0,0,0,0,0,0,0,0,0,2.72282440846824,3.09256587795766,1.69196911581569,0,0,0,0,0,0,0,0,0,0,0,0.280320298879203,7.45109439601495,4.6730097135741,4.32537235367372,3.80994470734745,3.82099676214197,4.06816089663761,6.27455292652553,7.11551382316314,6.54382117061021,6.36497882938979,6.48856089663761,6.03944557907846,5.99523735990037,6.0957105853051,6.21929265255293,4.30226351183064,0,0,0
717,0,0,0,0,0,0,0,0,0,0,0,0,0,0,0,0,0,2.01650211706102,3.31497683686177,3.20350684931507,8.52293499377335,4.09928368617684,6.30558605230386,4.49093499377335,3.79700921544209,3.85324632627646,3.63934445828144,3.51682789539228,3.43849763387298,3.37121394769614,3.29288368617684,3.3822605230386,3.53892104607721,3.51682789539228,5.20795815691158,6.38391631382316,6.35077658779577,5.14067447073474,4.62550236612702,4.59236264009963,4.50198156911582,4.92878107098381,4.97196313823163,4.7600697384807,2.99060921544209,0,0,0
718,0,0,0,0,0,0,0,0,0,0,0,0,0,0,0,0,0,0,0,0,0,0,6.75580572851806,4.48877708592777,4.48877708592777,4.52298879202989,3.85988542963885,4.04,3.69285180572852,3.55701120797011,5.79083437110834,6.64310834371108,6.66625155666252,6.40765130759651,7.16030884184309,7.21565130759651,4.90434869240349,3.0639601494396,3.13037110834371,3.4453200498132,3.0186799501868,3.19879452054795,3.88302864259029,1.49223412204234,0,2.01949688667497,0.99918306351183,0
719,0,0,0,0,0,0,0,0,0,0,0,0,0,0,3.04081693648817,3.29941718555417,2.48034869240349,0,0,0,0,0,0,0,0,0,0,0,6.73366874221669,4.44349688667497,3.69285180572852,3.87095392278954,6.26275466998755,6.1601195516812,6.9359202988792,6.73366874221669,6.464,6.07056537982565,4.5119202988792,5.21829140722291,5.76769115815691,5.34205728518057,4.64574844333748,4.61254296388543,1.9973599003736,0.908622665006227,0,0
720,0,0,0,0,0,0,0,0,0,0,0,0,0,0,2.71042789539228,3.29288368617684,2.40815342465753,0,0.504125529265255,6.3728697384807,0,0,0,0,0,0,6.67514420921544,4.50198156911582,4.32322789539228,5.71208368617684,7.1461300124533,6.97741867995019,6.64200448318804,6.66409763387298,8.49983760896638,7.56087870485679,7.47049763387298,5.58856288916563,5.55542316313823,5.51023262764633,5.33047471980075,5.77936737235367,5.65584657534247,5.55542316313823,2.27358605230386,1.85984159402242,0.648735242839352,0
721,0,0,0,0,0,0,0,0,0,0,0,0,0,0,2.88943262764633,3.31637260273973,2.34715815691158,0,0,0,0,0,2.64055292652553,6.52145753424657,4.72770261519303,4.97658231631382,7.52608169364882,6.90489414694894,6.73593922789539,6.91703462017435,5.6868,5.28009414694894,5.85676662515567,5.88914122042341,5.8112398505604,5.75458430884184,5.73232677459527,5.65240199252802,5.83349738480697,6.1612901618929,5.74244383561644,6.26246077210461,6.17241892901619,6.11576338729763,6.36363138231631,2.47058630136986,2.32490062266501,2.30163138231631
722,1.00583611457036,0,0,0,0,0,0,0,0,0,0,0,0,0,0,0,0,0,0,0,0,2.53385529265255,6.9699429549344,8.63998288648032,7.50912150598973,4.60220193953223,3.50567027952082,5.74517969195665,6.92046776953794,6.70641186537365,6.55899600684541,6.51355961209355,6.53678265830006,6.69429549343982,6.45701654306902,6.59332572732459,6.38936679977182,6.69429549343982,6.24296063890473,6.24195094124358,6.54788933257273,6.38936679977182,5.47357102110667,5.11108956075299,4.5688819167142,1.86592127780947,1.86592127780947,1.86592127780947
723,0.859463776383343,0,0,0,0,0,0,0,0,0,0,0,0,0,0,0,0,0,0,1.83204146928247,3.25808477392792,3.20152781567003,3.20051786998685,3.16718966244202,6.97973461643394,10.0105816116471,8.1886395991964,5.38503038269798,7.31806642029812,7.37462337855601,7.25141000520846,5.81324735236489,5.78092909050324,6.83127260100697,7.20596244946551,6.77572558843225,6.15258910191225,3.61964532850517,3.43886505121655,3.44997445373149,5.1810213546963,6.62827351868846,6.70805922765942,6.65049232371835,6.56060715791562,6.40204568565689,2.6359582330911,2.61272948237804
724,2.57734169994295,2.58834742925172,1.00852501302116,0,0,0,0,0,0,0,0,0,0,0,0,0,0.0900468761626032,7.30580321932587,3.67591358912671,3.45179691956646,3.30572087601379,3.84300057045066,4.06811776085716,5.71497507378655,4.45932141174136,3.42978546094893,3.74194796497929,3.57486098365535,3.42878494010268,4.1021354696297,7.05967509114809,7.09269227907438,7.57494332696743,7.17173342592822,6.57842456410129,6.39833081177609,6.52139487586498,5.95109799350182,5.95009747265557,5.03161933579702,4.58238547583025,4.51635109997768,4.82951412485429,4.67343287283911,4.11214067809221,1.34470001736154,0,0
725,0,0,0,0,0,0,0,0,0,0,0,0,0,0,0,0,0,0,0,0,0,0,0,0.090805823557132,9.88774523177658,7.67208313698256,5.06292914010764,4.54230908504675,5.26673776631365,5.52502988665393,6.50976859545128,5.93264713906595,5.81964433641707,4.06810089535951,3.7623879560505,3.78559388873732,3.58279421612639,3.36687814677943,3.31138569905008,3.58178526253131,3.33358267814182,2.93807286887076,3.42438850169895,2.89266995709219,3.33358267814182,1.86454624370644,0,0
726,0,0,0,0,0,0,0,0,0,0,0,0,0,0,0,0,0,0,0,0,0,0,0,0,0,0,0,0,0,2.13700488603388,10.0167687690667,7.80102681118083,7.05504352786527,6.72697239514869,7.03182618616533,6.0486222376547,5.81140157245963,5.77708028472928,5.82250551849004,2.91730945707979,3.32411766164835,2.96172524120142,3.61786750663459,3.18784196036608,3.36954289540911,0,0,0
727,0,0,0,0,0,0,0,0,0,0,0,0,0,0,0,1.07715965177708,3.44590887670825,3.3547260596741,3.34470596989013,2.64830972990402,0,0,0,0,0,0,0,0,0,0,0,0,2.60422133485454,6.86776953793497,6.73350033482973,7.4068503683127,5.77958778739552,4.92687814677943,5.40884446538853,4.88178774275156,5.22948485825541,5.06214935886307,3.51204146928247,2.0651405044768,0.302606711475979,0,0,0
728,0,0,0,0,0,0,0,0,0,0,0,0,0,0,0,0,0,0,0,0,0,0,0,0,0,0,0,0,0,0,0,3.46637962251048,5.56495548004663,6.66060963813587,6.05180088791885,6.26548872739899,5.51959721223245,5.14866737766314,4.36850517125921,4.79789677323346,3.21741313028597,3.19523797713237,2.8222922195491,3.10452144150401,0.654167018031201,0,0,0
729,0,0,0,0,0,0,0,0,0,0,0,0,0,0,0,0,0,0,0,0,0,0,0,0,0,0,0,0,0,0,0,0,5.2526468776943,4.56695652173913,4.11911811799483,5.74526912181303,7.18233279960586,6.69966252001478,5.98212587757113,4.91527528020692,3.59166399802931,3.10799852198547,3.01942603768937,2.58054440201995,0.168188200517305,0.0447838403744303,0,0
730,2.67793841606109,2.69997906146077,2.71099938416061,0.904668308905038,0,0,0,0,0,0,0,0,0,0,0,0,0,0,0,0,0,0,0,0,0,0,0,0,3.24197856878926,2.22510333784949,2.66691809336125,7.47879172311861,6.71037467668432,6.11227170833847,7.47879172311861,5.76162507697993,5.63739598472718,5.63739598472718,5.2757290306688,4.42916787781747,4.64256139918709,4.41714570759946,4.51933415445252,3.43433329227737,1.53683409286858,1.07297869195714,0,0
731,0,0,0,0,0,0,0,0,0,0,0,0,0,0,0,0,0,0,0,0,0,0,0,0,0,0,0,0,0,0,0.0447727552654268,3.63455277743564,10.2997236112822,7.30392880896662,6.6194031284641,3.74797709077473,3.35397684443897,3.16394137209016,3.24254243133391,3.2206535287597,2.90525434166769,3.28731518659934,2.85053208523217,3.29825963788644,2.83859268382806,3.20871412735559,2.12023869934721,0
732,0,0,0,0,0,0,0,0,0,0,0,0,0,0,0,0,0,0,0,0,0,0,0.366822515088065,3.35859539352137,3.30238871782239,3.29154181549452,3.24716812415322,3.26886192880897,0.122274171696022,0,0,0,2.81329203103831,5.43725631235374,4.34862175144722,3.46903658085971,5.18186106663382,6.73789850966868,6.66098411134376,6.38290897893829,6.31585540091144,6.51603005296219,6.51603005296219,6.23795492055672,6.41643576795172,4.49258972779899,2.43463653159256,1.03440004926715
733,0,0,0,0,0,0,0,0,0,0,0,0,0,0,0,0,0,0,0,0,0,0.576400541938662,2.89478975243257,1.91904002956029,1.30919645276512,0.876404236974997,0,0,2.1403542308166,6.3777834708708,4.99186476167016,7.67517649956891,5.64597117871659,5.93417144968592,5.82302253972164,5.71187362975736,5.82400615839389,5.70105382436261,5.40105012932627,5.313508067496,5.75712008868087,5.19055573346471,5.47973962310629,5.3351476782855,3.43774725951472,1.51969084862668,0,0
734,0,0,0,0,0,0,0,0,0,0,0,0,0,0,0,0,0,0,0,0,0,0.355708831136839,0,0,0,0,0,3.06638748614361,7.68961694789999,8.45522847641335,7.12304470993965,6.8885330705752,6.7673358788028,6.76635053578027,6.03325532701072,5.51102352506466,4.8222687523094,4.72274910703289,4.79960586279098,4.68924744426654,4.36704027589605,5.75538859465451,4.97795294987067,5.05579504865131,4.51090035718685,1.9894075625077,1.97758344623722,1.37750954551053
735,0,0,0,0,0,0,0,0,0,0,0,0,0,0,0,0,0,0,0,0,0,0,0,0,0,0,0,1.49145880034487,3.39551176253233,2.72628008375416,3.6955802438724,8.13639635423082,3.7735585663259,3.89595492055672,5.39827146200271,6.79003645769183,7.02298435767952,6.4337051361005,6.07737381450918,5.94411971917724,5.63220642936322,5.55422810690972,5.39827146200271,0,3.30568863160488,3.23856805025249,0,0
736,0,0,0,0,0,0,0,0,0,0,0,0,0,0,0,0,0,0,0,0,0,0,0,0,0,0,0,0,0,0,0,6.29765439093485,8.34387683212218,7.56955092991748,4.72643034856509,3.89518315063431,4.78040743933982,6.92869565217391,6.24171449685922,4.65871363468407,4.72544894691465,6.08665303608819,6.05426678162335,6.66175440325163,6.71769429732726,4.17193841606109,0,0
737,0,0,0,0,0,0,0,0,0,0,0,0,0,0,0,0,0,0,0,0.111009730262348,3.24580662643183,3.30082029806626,3.33422145584432,2.63672669047912,0.188618302746644,0,6.13697154822022,6.8246424436507,6.79025889887917,5.79411848749846,3.54445227244735,3.57191939246538,3.55608378418623,3.53332009728496,3.34527224897007,4.56461408646449,5.51673003424828,5.74931553084827,5.64935325358614,5.4177574825036,5.47219238596317,5.72754156946444,5.2950315183402,5.43953144388743,5.69389090187125,2.55844046259989,0.0227636869012756,0
738,0,0,0,0,0,0,0,0,0,0,0,0,0,0,0,0,0,0,0,0,0,0,2.20556360748499,3.24330198044374,1.35704248771529,0,0,3.62863503251104,5.41634387253685,4.47814165880776,5.42718444433414,7.0710093314141,6.77240085372512,6.58515461359011,6.61866183550901,5.94556087755001,5.45970615972601,4.50080830892937,6.57431404179282,6.05593760857696,4.30173599047005,4.90880801111828,4.42295329329429,4.57767781803742,3.90457686007842,2.20654911401201,1.07026008835062,0
739,0,0,0,0,0,0,0,0,0,0,0,0,0,0,0,0,0,0,1.7363314637415,3.28489799970219,3.25228619645605,3.20781555566586,3.20781555566586,3.31849803941033,3.1959567181218,1.34993100709783,2.28974388246389,9.62344666699757,6.09445426118033,5.89581873231747,6.04998362039013,4.98861766019755,4.56861716384573,5.07657070531593,6.43836054995781,6.13892490197052,5.91755993448156,7.12320841812677,5.04395890206979,4.78998213133469,3.7493691368442,2.96470938601281,2.37769692758227,0.498071176850151,0,0,0,0
740,0,0,0,0,0,0,0,0,0,0,0,0,0,0,2.86999056931553,3.32267980344468,1.02668734799226,0,0,0,0,0,0,0,0,0,0,0,7.38504789795007,4.63636620836849,4.18367697423934,3.85229661984415,6.65719461954634,6.7331359507619,6.77850349928029,6.96490494862759,6.50235320395096,5.7843624360947,6.00528267235817,5.89482255422644,5.7843624360947,5.28729190450191,2.25259740904353,2.25161115798878,2.25161115798878,2.26344617064575,0.0769275822703132,0
741,0,0,0,0,0,0,0,0,0,0,0,0,0,0,0.639754802203802,0,0,0,0,0,0,0,0,0,0,0,0.761988385367549,7.14967886037623,4.18157144984365,4.06032362138284,3.51914428947238,3.88387352955775,3.64137787263612,3.6847510795652,4.08299597955031,3.25397627438328,6.59864198143644,6.59765622673351,6.2555993448156,6.49908075644016,5.78145133270462,3.03415297562913,2.01882563160768,0,0,0,0,0
742,0,0,0,0,0,0,0,0,0,0,0,0,0,0,0.476808457834913,0,0,0,0,0,0,0,0,0,0,0,0,0,0,0,6.91965801360004,4.41789745371519,3.73137241276617,3.5988157045714,3.64234178785923,6.85436888866829,6.70994143048593,6.39932347247729,5.73555070233782,4.70576314091428,5.52484489005807,5.14893780711769,2.77874472626197,0,0,0,0,0
743,0,0,0,0,0,0,0,0,0,0,0,0,0,0,0.870635826673947,2.66404725269271,1.20019854072567,0,0,0,0,0,0,0,0,0,0,0,0,5.72627545511613,4.16257325800377,3.58924896421846,3.49070885122411,6.74950006277464,6.37624205900816,6.42999121155053,6.23291098556183,2.98407332077841,5.79196886377903,5.40577124921532,3.14930219711237,3.29263327055869,2.89648210922787,2.36695342121783,0,0,0,0
744,0,0,0,0,0,0,0,0,0,0,0,0,0,0,2.86841732580038,3.35413333333333,1.5339450094162,0,0,0,0,0,0,0,0,0,0,0,0,0.93752165725047,7.62484369114877,5.92433898305085,5.65006403013183,5.57127231638418,5.79268700564972,5.43962033898305,5.27405800376648,5.67100866290019,5.13043766478343,6.07992768361582,4.49013032015066,3.44289868173258,3.27733634651601,5.30697099811676,5.77074500941619,5.72586365348399,5.08655367231638,4.26971299435028
745,4.00952542372881,1.21837514124294,0,0,0,0,0,0,0,0,0,0,0,0,0,0,0,0,0,0,0,0,0,0,0,0,0,0,0,0,2.56889943502825,3.44488813559322,3.35578757062147,5.14981242937853,9.14832542372881,7.81882485875706,6.50133785310734,3.43287457627119,3.21262598870056,3.22263728813559,3.28871186440678,2.96835028248588,3.25667570621469,3.0124,3.03442485875706,2.85722485875706,0,0
746,0,0,0,0,0,0,0,0,0,0,0,0,0,0,0,0,0,0,0,0,0,0,0,0,0,0,0,1.37588097928437,1.35399422473321,1.9260344005022,2.16778355304457,2.16778355304457,6.69137777777778,6.26259635907093,5.72338631512869,6.48245875706215,5.6567311989956,4.72156986817326,4.87577200251098,5.66767457627119,3.26809039548023,3.24719849340866,3.69786666666667,3.34568888888889,3.23526026365348,1.74994551161331,0,0
747,0,0,0,0,0,0,0,0,0,0,0,0,0,0,2.54258983050847,1.29838644067797,0.910074576271186,0,0,0,0,0,0,0,0,0,0,0,0,0,0,0,5.91698983050847,4.89453559322034,6.11666440677966,6.94847457627119,6.78191186440678,6.72672542372881,6.41667796610169,6.27118644067797,6.52705084745763,5.84976271186441,5.47248813559322,3.54096271186441,0,0,0,0
748,0,0,0,0,0,0,0,0,0,0,0,0,0,0,2.82125298179535,3.31304959196485,3.25840552416824,2.4397564344005,0,0,0,0,0,0,0,0,0,0,0,0,0,6.23549529190207,4.51117137476459,6.34781920903955,6.62711111111111,7.56719146264909,6.58258631512869,6.38121280602636,6.19097049591965,6.58258631512869,6.05638418079096,5.46238292529818,5.70929315756434,3.79472693032015,3.01149529190207,2.49642435655995,0,0
749,0,0,0,0,0,0,0,0,0,0,0,0,0,0,2.77329265536723,3.21645800376648,2.24089265536723,0,0,0,0,0,0,0,0,0,2.1296,6.25544934086629,4.08173333333333,6.58832467043314,6.27850998116761,6.24442033898305,6.36674199623352,7.03249265536723,6.3888,6.24442033898305,7.14378531073446,6.3888,4.28125800376648,4.37049265536723,6.22236233521657,5.73407834274953,5.74610998116761,4.3143450094162,1.81878267419962,0.411080979284369,0,0
750,0,0,0,0,0,0,0,0,0,0,0,0,0,0,2.71170119271814,3.26604896421846,2.47955555555556,0,0,0,0,0,0,0,0,0,0,8.15759058516511,7.361630532972,6.21068829669778,5.88870445648901,6.70866330422564,6.66366556258155,6.63066721870922,7.22863720766837,6.20968834688347,3.17684056007227,3.14384221619994,5.31373331325906,6.69666390645388,6.17768995282545,7.05064614072067,4.92675273511994,5.5017238783499,2.92185335742246,2.57887057111312,0,0
751,0,0,0,0,0,0,0,0,0,0,0,0,0,0,0,0,0,0.442644283850246,3.30734216601425,3.20842166014253,3.20742246311352,3.23040399478069,1.95742697982535,0,0,0,0,2.42205359831376,6.28295091839807,4.22560423567199,3.62808441232561,3.56213740841112,3.51717354210579,6.10609304426378,6.1500577135401,6.63666666666667,6.02815567600121,5.9182440028104,6.51476462912777,6.42683529057513,6.37187945397973,6.12707618187293,5.5085732209174,5.06692813409616,4.71121399176955,2.25718608852755,1.636684733514,0.331733413630433
752,0,0,0,0,0,0,0,0,0,0,0,0,0,0,0,0,0,0,2.76584462511292,3.23319783197832,3.23319783197832,3.20096657633243,2.80915537488708,2.59864498644987,2.59763775971093,2.40827913279133,1.51688346883469,7.82715898825655,4.33711833785005,3.51320686540199,3.80127371273713,3.55752484191509,3.67939927732611,5.4299593495935,5.47528455284553,5.48535682023487,5.80968383017164,6.15516260162602,5.49643631436314,5.05124209575429,5.25168021680217,5.21844173441735,4.97267841011744,3.76904245709124,0.479439927732611,0,0,0
753,0,0,0,0,0,0,0,0,0,0,0,0,0,0,0,0,0,0,0,0,0,0.022192110809997,0,0.212842517314062,0.066576332429991,0,0,0.469060523938573,3.338903944595,10.4968684131286,7.8953477868112,7.22454080096357,7.15796446853358,6.75648900933454,6.53255043661548,6.38729298404095,7.64921710328214,7.14686841312858,4.36579343571214,4.73498946100572,4.77937368262572,4.21044866004216,4.23163203854261,2.85874736525143,0,0,0,0
754,0,0,0,0,0,0,0,0,0,0,0,0,0,0,2.68894911171334,3.28916992873632,1.54471544715447,0,0,0,0,0,0,0,0,0,0,0,0,0,0,6.62250326206966,4.58897922312556,4.21057914282847,5.5445147044063,8.06684733514002,6.97882164006825,6.66666666666667,5.94399277326107,5.67800863193817,5.58968182274415,5.76633544113219,4.92221218508481,0.999698885877748,0,0,0,0
755,0,0,0,0,0,0,0,0,0,0,0,0,0,0,0.04516711833785,0,0,0,0,0,0,0,0,6.16681722372779,4.81079995985145,4.16641573823146,3.57823948609856,3.53307236776071,3.53407608150156,3.55515407005922,3.24500652413932,3.07738632941885,3.35541503563184,5.38893907457593,5.97811904044966,6.9557362240289,6.01124159389742,5.87774766636555,6.36755997189602,5.8104988457292,5.00050185687042,3.52203151661146,3.40058215396969,3.21088025695072,0.255947003914484,0,0,0
756,0,0,0,0,0,0,0,0,0,0,0,0,0,0,0,0,0,0,0,0,0,0,0,0,0,0,0,0,0,0,6.8774465522433,4.61106092542407,4.34507678410117,4.14433403593295,4.26678711231557,3.52203151661146,3.90043159690856,6.42176051390144,5.8667068152163,4.00080297099267,3.83318277627221,3.53307236776071,3.49994981431296,3.5009535280538,3.27712536384623,2.64478570711633,0,0
757,0,0,0,0,0,0,0,0,0,0,0,0,0,0,2.81256448860785,3.31066445849644,2.43548880859179,0,0,0,0,0,0,0,0,0,0,0,0,0,4.69457127853767,5.40324222950164,6.41093045935335,7.19734590282814,6.36707459178315,5.07033632567328,5.66936760771173,5.7800040009002,5.64644294966367,5.72418744217449,6.05709334600285,5.10422495061389,3.84237203370758,1.43926983571304,2.54663049186067,2.32535770548373,2.10308819484384,0.45450626390938
758,0,0,0,0,0,0,0,0,0,0,0,0,0,0,2.67760246055362,3.12270260808682,2.65559750943962,0,0,0,0,0,0,0,0,0,0,0,0.300067515190918,0,0,5.99934985371709,7.7667475181916,7.04458503163212,7.13360506113876,7.2446300417594,6.7775249431122,7.11160011002476,7.11059988497412,6.56747768247856,6.39943987397164,6.31142006951564,6.266409942237,3.3557550448851,1.33329999249831,1.72238753719587,2.27751244029907,2.2565077142357
759,2.2317263884374,2.23272136230652,0.962139731439574,0,0,0,0,0,0,0,0,0,0,0,0,0,0,0,1.63573704083419,3.26052936910805,3.21675051886674,3.19386611987697,1.26063189217574,0,0,0.0766129879222825,3.26052936910805,3.21675051886674,3.20580580630642,6.9518824235453,9.2512670350829,5.6594113675577,4.94004526018354,6.44444575029382,6.4434507764247,6.24445600260059,5.91412467805256,6.12306919056788,5.59274811832662,5.59274811832662,5.52608486909555,6.07929034032657,6.0902350528869,2.49837938536171,2.2655554999875,2.24366607486684,2.2655554999875,2.23272136230652
760,0.420828686454452,0,0,0,0,0,0,0,0,0,0,0,0,0,0,0,0,0,2.13804906103873,2.59278337625966,2.6027556200145,2.55887774749319,2.59278337625966,2.56984721562352,0.0438778725213173,1.58458953264485,10.8009372108724,7.56594133680078,6.89082043459779,6.87885374209197,6.43708334375234,6.39121102248006,6.46999174814333,8.30787627216124,6.56971418569178,5.38401440324073,4.69692680853192,3.43444074916856,3.26790427846265,3.20109024530519,3.3676267160111,3.32374884348979,3.85526943562302,0.98525768297867,0,0,0,0
761,0,0,0,0,0,0,0,0,0,0,0,0,0,0,2.74863944387487,3.23457027831262,1.40214398239604,0,0,0,0,0,0,0,0,0,0.518723712835388,3.70957015328449,9.74743467280138,6.91035382961166,7.5175189417619,6.97593958640694,6.54665099647421,5.60758220599635,5.97227876272161,5.89476832287265,5.5191408066815,5.3541826911055,5.29853417018829,5.44262409042035,3.74236303168213,3.5326873546548,3.11234227701233,0,0,0,0,0
762,0,0,0,0,0,0,0,0,0,0,0,0,0,0,0,0,0,0,0,0,0,0,0,0,0,0,0,0,0,0,0,0,6.12113225475732,4.63998899752444,4.20418344127429,6.33953139456378,7.04734315220925,6.4924107924283,6.69889725188167,5.36964066915056,3.77929784201445,3.43085194168688,2.7667200120027,0,0,0,0,0
763,0,0,0,0,0,0,0,0,0,0,0,0,0,0,0,0,0,0,0,0,0,0,0,0,0,0,0.481055487484684,0,2.12042884649046,6.65509889725188,4.25081743392263,4.04365482233503,3.75880623140206,3.77075792053212,3.54068790477857,3.28870645895326,3.19110099772449,5.05954839838964,6.79752319271836,6.54554174689305,6.12026080868195,5.25675126903553,2.95007526693506,0,0,0,0,0
764,0,0,0,0,0,0,0,0,0,0,0,0,0,0,0,0,0,0,0,0,0,1.28443566194921,1.40753161698284,0,0,0,0,0.257290725685035,5.5393179765131,4.55757728595805,3.69691458396066,3.87651360032119,3.60711507578039,3.49612691960253,3.68682475158085,5.00354787714544,6.52307663354411,6.32228896918599,6.71276548228445,6.43327712536385,6.33338778480377,6.91456212988056,3.24993500953528,2.49117961457392,1.36212737127371,0.0232066144735521,0,0
765,0,0,0,0,0,0,0,0,0,0,0,0,0,0,0,0,0,0,0,0,0,2.01948559670782,1.12720164609054,0,0,0,0,0,4.96755144032922,4.47553497942387,5.05627572016461,6.95275720164609,6.6633950617284,6.574670781893,6.77430041152264,6.33975308641975,5.61382716049383,5.9162962962963,5.66927983539095,5.50292181069959,4.16298353909465,2.96923868312757,2.95814814814815,0,0,0,0,0
766,0,0,0,0,0,0,0,0,0,0,0,0,0,0,0,0,0,0,2.24654822844525,3.38087423466827,2.45854361136204,0.800759811301817,1.84566596406705,0.456141724380207,0,0,0,0,0,0,4.29315768342869,5.0386580347285,4.00379905650908,4.68298805580648,5.87257352203152,5.83941784603031,6.07251229549333,6.25135200240891,5.64952624711432,5.3501204456489,5.53900732711031,5.40537990565091,4.84977115326709,2.91368061828766,0.6791889992974,0,0,0
767,0,0,0,0,0,0,0,0,0,0,0,0,0,0,0,0,0,0,0,0,0,0,0,0,0,0,0,0,0,0,0,0,1.3222683930543,3.32857171534678,3.43909264277828,11.617641272709,6.63623406604436,5.9741041854863,5.04811803673592,4.69564588979223,5.30102178058818,5.98605239385727,5.42249523235973,2.0282083709726,0,0,0,0
768,0,0,0,0,0,0,0,0,0,0,0,0,0,0,0,0,0,0,0,0,0,0,0,0,0,0,0,0,0,0,0,0,0,6.19175825554552,5.47953001104085,7.68361487503764,6.73800110408512,6.63740389440932,6.62533222924822,6.59314112215196,6.23602102780287,4.13152740138513,3.10744780688548,3.09537614172438,2.1054995985145,0.0885255445147044,0,0
769,0,0,0,0,0,0,0,0,0,0,0,0,0,0,3.17524616079494,3.24220917394359,2.52260664458496,1.36124811803674,1.11738281642076,1.07340710629329,0.962468383017164,0,0,0,0,0,0,0,0,0,0,0,6.91518041754492,7.68875313660544,6.6163454782696,6.9711495031617,6.52739461005721,4.80234743551139,4.46953126568303,5.59790800963565,6.17458948108,2.77646642577537,2.17979599518217,2.17979599518217,1.54914433403593,1.43820561075981,0,0
770,0,0,0,0,0,0,0,0,0,0,0,0,0,0,0,0,0,0,0,0,0,0,0,0,0,0,0,0,0,0,0,4.75048554652213,5.78459801264679,7.42068654019874,7.55434733514002,6.18558039747064,6.01875564588979,5.8961495031617,5.86298554652213,6.16347109304426,6.18558039747064,6.33029584462511,5.91926377597109,4.47210930442638,0,0,0,0
771,0,0,0,0,0,0,0,0,0,0,0,0,0,0,0,0,0,0,0,0,0,0,0,0,0,0,0,1.4147954933253,1.56955435109907,1.24905374887082,1.1162606644585,6.58773511994379,5.85787237779785,6.68658110007026,5.74804351099067,5.75802795342768,5.74804351099067,5.75902639767138,5.73606218006625,5.49344022884673,6.09050988658035,3.4146793134598,0,0,0,0,0,0
772,0,0,0,0,0,0,0,0,0,0,0,0,0,0,0,0,0,0,0,0,0,0,0,0,0,0,0,0,0,0,0,1.60151962260363,3.44819030412526,3.03625614774666,7.37462611663154,8.27485295593697,7.37462611663154,7.24099869517214,7.56250828063836,6.69644183478872,6.56180969587474,6.86222021479474,1.69093947606143,0,0,0,0,0
773,0,0,0,0,0,0,0,0,0,0,0,0,0,0,0,0,0,0,0.597369768142126,4.16860207768744,4.00377597109305,0.950996687744655,1.4045182174044,0,1.94594700391448,2.33353809093646,2.21166666666667,2.20067825956037,2.87496687744655,1.72517991568805,1.32759936766034,5.92674721469437,8.5479817825956,6.96764905149052,7.01060373381512,7.01160267991569,6.46917494730503,5.77290951520626,5.69499171936164,5.8718051791629,5.90576934658236,5.42927205660945,5.76192110809997,5.97169978922012,2.0458416139717,0.408568955133996,0,0
774,0,0,0,0,0,0,0,0,0,0,0,0,0,0,0,0,0,0,1.02865602730101,1.49205058717254,1.48206363545117,0.80694569908662,0.80694569908662,0.696090534979424,0.873858275619793,0.752017464619091,0.585235370872227,2.20012546421761,6.93194318980227,7.19759610559069,3.80303121549734,3.7261316872428,4.44419351600923,6.3457091237579,4.35630834086119,3.22878149151862,3.18384020877246,3.27272407909264,4.1455836595403,7.51817725584663,7.19659741041855,6.8001154270802,2.92917293987755,0,0,0,0,0
775,0,0,0,0,0,0,0,0,0,0,0,0,0,0,0,0,0,0,0,0,0,0,0,0,0,0,0,0,0,0,0,0,0,0,5.86571514604035,8.37987654320988,7.2607076181873,6.71104486600422,6.20503763926528,6.75569256248118,5.85380909364649,6.07407106293285,6.49078289671786,4.72372628726287,3.39322493224932,2.76815718157182,0,0
776,0,0,0,0,0,0,0,0,0,0,0,0,0,0,3.23081300813008,3.39514227642276,1.42219512195122,0,0,0,0,0,0,0,0,0,0,0,0,0,0,0,7.42071138211382,4.63010162601626,3.97975609756098,5.73359756097561,3.74869918699187,3.54951219512195,3.47382113821138,3.83634146341463,3.90306910569106,6.57117886178862,6.91278455284553,3.32941056910569,3.35132113821138,1.03676829268293,0,0
777,0,0,0,0,0,0,0,0,0,0,0,0,0,0,0,0,0,0,0,0,0,0,0,0,0,0,0,0,0,0,10.8114162400883,7.23031616982836,5.88802970992673,6.11040851149252,5.95514403292181,6.75350396466928,6.78656027301014,6.6863896416742,6.66435210278029,6.89774967379303,6.47603131586871,6.40991869918699,5.72174646190906,1.79605941985346,0.964643179765131,0,0,0
778,0,0,0,0,0,0,0,0,0,0,0,0,0,0,0,0,0,0,0,0,0,0,0,0,0,0,0,0,0,0,0.186999899628626,3.43864580455584,2.62129542657659,1.86069166436447,3.51231684958686,9.75643569329683,6.17642112665444,5.3849551699023,4.85631564407163,5.94545244493558,5.9125991410704,5.92454579702137,5.97930130346335,4.32668056357837,0.517688424542281,0,0,0
779,0,0,0,0,0,0,0,0,0,0,0,0,0,0,0,0,0,0,0,0,0,0,0,0,0,0,0,0,0,0,0,2.63055328126177,2.54063691388101,8.88473616796846,6.90657608559158,6.13229625536831,4.99435467262727,4.89544666850843,4.93940578145013,6.48596730039933,6.32112062686792,6.15527488258784,3.41382474822312,2.91728658613155,2.54163598462968,0,0,0
780,0,0,0,0,0,0,0,0,0,0,0,0,0,0,0,0,0,0,0,0,0,0,0,0,0,0,0,0,0,0,0,0,0,0,3.42661225104855,1.46685134490293,1.60937941080443,2.92281512921616,5.16664238892935,8.8674232111912,6.14157395082502,5.44081096014265,5.56156390486476,5.35272069718964,3.73344350403094,0.251403671798478,0,0
781,0,0,0,0,0,0,0,0,0,0,0,0,0,0,0,0,0,0,0,0,0,0,0,0,0,0,0.285417786372655,7.51897480975463,4.55974734409925,4.176217193661,3.8917904412688,3.59448024713062,3.42005826656956,3.82539116457794,3.42005826656956,3.34275761609363,3.42005826656956,3.57366853354095,3.1019363588417,3.05833086370143,4.70245623728558,6.06116382449707,3.29915212095336,2.67480071326318,0,0,0,0
782,0,0,0,0,0,0,0,0,0,0,0,0,0,0,0,0,0,0,0,2.23641258758822,3.12236833513323,0,0,0,0,0,0,0,0,0,0,0,0,0.774835874124118,7.30788356732049,4.21855087023131,4.01933596202627,4.31865886430419,3.54282191023935,3.54282191023935,3.2775357259462,3.23348820855414,3.21046336991737,3.57685862822413,0.519560489238265,0,0,0
783,0,0,0,0,0,0,0,0,0,0,0,0,0,0,0,0,0,0,0,0,0,0,0,0,0,0,0,0,0,0,0,0.27667302910817,5.94297661802748,4.52964688449657,4.16507773061758,4.71742496923425,3.52383554763041,3.31408343170003,3.27013536931461,3.60074465680488,3.11631715096567,4.00926187306929,3.56878242961549,3.57877062561218,3.54680839842278,1.45827661551599,0,0
784,0,0,0,0,0,0,0,0,0,0,0,0,0,0,0,0,0,0,0.5988838938142,1.68830097696964,1.24209307582189,1.08941708315544,0.174346133561042,0,0,0,0,0,0,0,0,0,0,3.15990054499334,6.95020518873848,4.13998191727152,3.73711429791295,3.49677273526383,3.35591681944898,3.8996403546224,3.65043373433458,3.37660195393927,2.6910374965467,0,0,0,0,0
785,0,0,0,0,0,0,0,0,0,0,0,0,0,0,0,0,0,0,0,0,0,0,0,0,0,0,0,0,0,0,4.70127988712806,4.62474742384923,1.46803179562117,0,0,0,0,3.70437000831423,4.70127988712806,4.09796553374821,3.58410470887607,3.37438588093019,3.37537980902472,3.23324809150689,5.18333501297523,4.86527802272555,2.13694540324003,0
786,0,0,0,0,0,0,0,0,0,0,0,0,0,0,0,0,0,0,0,0,0.174887002091154,0,0.164950240608702,0,0,0,0,0,0,0,0,0,0,0,0,2.98003476858734,9.89303973192915,7.46052052102492,7.13161371595576,6.84742233755763,5.41255397949157,4.85311430802953,4.5689229296314,4.44769443954549,2.31129072081832,0,0,0
787,0,0,0,0,0,0,0,0,0,0,0,0,0,0,0,0,0,0,0,0,0,0,0,0,0,0,0.741588017434683,0,0,0,0,0,0,0,6.59401199264317,9.85840417223048,6.88201708195813,6.99240230782797,5.28845582121891,3.2965042452949,3.29750774734826,3.45204706356605,3.02054118062029,4.03809226272959,3.55139376684891,2.27895316318561,0,0
788,0,0,0,0,0,0,0,0,0,0,0,0,0,0,0,0,0,0,1.82224685697009,3.3331097729964,0.994225895039178,0,0,0,0,0,0,0,0,0,0,1.31361971227734,0.49661233025119,0,2.42799375173213,10.4428762187902,6.9105207729712,6.92153435287597,5.28751958882366,4.72482577914389,5.47575168174145,5.37562822806178,2.80445793756771,2.83649744274521,2.0975863545892,0,0,0
789,0,0,0,0,0,0,0,0,0,0,0,0,0,0,3.12461036507017,3.26831649492328,0.957042906452344,0,0.858244942178327,1.67257967801265,1.77137764228666,1.60671436849664,1.06681842231236,0,0,0,0,0,0,0,0,7.33899221485979,4.79719004308282,4.83012269784082,4.64350432087879,6.22726562696833,6.28315134413343,6.0626023531783,5.84205336222317,5.56761457257313,5.44686150512711,2.40907359350986,1.72746743594266,1.29834496485349,0.0219551031720037,0,0,0
790,0,0,0,0,0,0,0,0,0,0,0,0,0,0,0,0,0,0,0,0,0,0,0,0,0,0,0,0,0,0,0,0,0,0.880422261973747,0,6.02021163487944,6.3396392129198,6.33864100173843,6.48238341185659,6.06413292686,5.91040840492807,6.02021163487944,6.87867325086292,2.8938142148094,2.52048323297473,1.76084452394749,0,0
791,0,0,0,0,0,0,0,0,0,0,0,0,0,0,2.69208636718652,3.24456677836285,0.0552480411176337,0,0,0,0,0,0,0,0,0,0,0,0,0,0,0,0,0.720233554206243,9.18121992391222,7.83015419112645,7.50871104280567,6.75532866392885,6.96627573001436,6.69003552442619,6.49013806656421,7.36506613589983,7.59710790859389,5.00547252525761,3.20137285530725,3.16721952079817,3.18931873724522,1.50676475775365
792,0,0,0,0,0,0,0,0,0,0,0,0,0,0,0,0,0,0,0.153530523292434,0.0986981935451362,0,0,0,0,0,0,0,0,0,0,0,0,0,0,0.0220066737448809,5.06753678143485,7.71634005763689,4.02322008190505,6.17687319884726,5.43064689822539,7.51827999393296,7.11115652965266,6.9471067799181,6.18887683907174,4.29730320036402,1.38542014257546,1.38441983922342,0.0440133474897619
793,0,0,0,0,0,0,0,0,0,0,0,0,0,0,0,0.0210913089640528,0.18781308458466,0,0,0,0,0,0,0,0,0,0,0,0,0,0,2.66051797360837,1.85402649274483,3.2440441882805,3.32238333586127,11.2346372415188,7.8138277971586,7.0957189443349,6.96414935032105,6.30228398806815,6.16870569796249,6.03713610394863,6.55537969563679,5.69465342029425,3.8516747560544,3.7411964710046,3.35552682137621,3.2440441882805
794,2.0895550836746,0,0,0,0,0,0,0,0,0,0,0,0,0,0,0,0,0,0,0,0,0.109505030587997,1.48727741544062,1.41161939430709,1.38971838818949,1.23541584508823,1.99100055614541,0,2.286664138733,4.47377824965873,3.48922847464483,3.4792734718641,3.33592143182163,3.11790687092371,3.13980787704131,2.05570807422013,6.07155619596542,5.66638758278983,5.43642701855503,5.71018959502503,5.26221446989231,5.52403104302543,5.57878355831943,3.78489205723242,0.43802012235199,0,0,0
795,0,0,0,0,0,0,0,0,0,0,0,0,0,0,0,0,0,0,0,0,0,0.567708933717579,1.66037463976945,1.39889048991354,1.25671469740634,0.239610951008646,0,1.08172910662824,3.21237752161383,3.12389048991354,3.12488472622478,3.08113832853026,3.11394812680115,3.16763688760807,3.21237752161383,4.59933717579251,7.91014409221902,7.58204610951009,5.97536023054755,5.82324207492795,6.7299855907781,6.74092219020173,6.71904899135447,6.31439481268012,4.87275216138329,0,0,0
796,0,0,0,0,0,0,0,0,0,0,0,0,0,0,0,0,0,0,0,0,0,0,0,0,0,0,0.46085545275292,0.492776176753122,0,0,0,0,0,0.99752262500632,7.7826715202993,4.39508468577784,4.02300874665049,6.8509853885434,6.79612164416806,6.69736690429243,6.4230481824157,4.71329440315486,5.7766535214116,3.00354062389403,2.30228221851459,1.84142676576167,0,0
797,0,0,0,0,0,0,0,0,0,0,0,0,0,0,0,0,0,0,0,0,0,0,0,0,0,0,0,0.0656863339905961,0.33838414480004,0,0.208006724303554,0.131372667981192,7.25037792608322,4.94339425653471,4.68064892057232,7.45838465038677,6.82441200262905,7.21753475908792,6.32181202285252,5.93864174124071,5.70873957227362,6.52882349967137,6.27702588604075,5.62115779361949,0.38317028161181,0,0,0
798,0,0,0,0,0,0,0,0,0,0,0,0,0,0,0,0,0,0,0,0,0,0,0,0,0,0,0,0,0,0,3.30558622781738,6.17481116335507,6.44778603569442,6.99572829768947,6.92897896759189,6.67792178573234,6.57929217857323,6.59025102381313,5.5621120885788,7.64130390818545,7.48788007482684,6.53545679761363,3.45901006117599,0,0,0,0,0
799,0,0,0,0,0,0,0,0,0,0,0,0,0,0,0,0,0,1.89100434804591,1.9675994741898,1.39960185044744,0.51328681935386,0,0,0,0,0,0,0.273554021942464,0.841551645684817,1.80346706102432,1.34489104605895,6.86371909601092,7.08355705546287,6.58021765508873,7.21386824409728,7.61872819657212,6.52650159259821,5.13684716113049,4.92994084635219,5.92468274432479,6.24101066788007,6.26388973153344,5.54170711360534,2.38240684564437,1.13698998938268,0,0,0
800,0,0,0,0,0,0,0,0,0,0,0,0,0,0,0,0,0,0,0,0,0,0,0,0,0,0,0,0,0,0,0.0444797490450049,5.11719294695034,5.44978016140049,6.71644210579574,7.50393584456981,7.13697791494852,6.04924587012067,6.15033620885932,6.22716486630069,3.97386121581624,3.2965559462673,3.03068835538465,5.81673809102178,6.34847327278707,3.54119456601482,2.25330365048445,1.5547694098004,0
801,0,0,0,0,0,0,0,0,0,0,0,0,0,0,0,0,0,0,0,0,0,0,0,0,0,0.997256191656758,2.85001644362367,3.2443269498343,3.25530774874143,3.22236535202004,7.70652432391409,8.38533734726403,6.22611298034354,6.18218978471502,6.77415467125401,5.337666523312,5.26179918540818,5.52434010473323,6.79611626906828,7.28925396544309,6.92788585595386,6.91690505704672,6.43374990513294,5.39356877229376,0.570003288724734,0,0,0
802,0,0,0,0,0,0,0,0,0,0,0,0,0,0,0,0,0,0.396209112297301,3.35925143565484,3.29304940676465,3.46958815047181,1.76237825394014,1.32203445571606,1.38723342356245,1.81754661134863,1.9278833261656,2.89684029446735,2.33412304890081,2.27995775253611,10.4639328088239,6.68540185686458,6.07955298641504,6.34436110197576,7.08261403020567,6.97127425434491,5.8267816033798,5.71644488856283,5.53990614485568,6.35539477345746,5.8047142604164,3.73339320498874,3.54682385084368,0.0331010144450909,0,0,0,0,0
803,0,0,0,0,0,0,0,0,0,0,0,0,0,0,0.154744111917832,0,0,0,0,0,0,0,0,0,0,0,0,0,0,0,5.30651724050697,5.53863340838372,7.46992031166991,6.32240228692858,6.3555617394824,7.31517619975208,6.88510814844797,5.4612613524248,5.30752207240254,6.56456677376104,6.78562979078651,7.50307976422373,5.59389916264009,2.96827341951479,0,0,0,0
804,0,0,0,0,0,0,0,0,0,0,0,0,0,0,0.199257254167826,0.0664190847226087,1.99961699005793,1.49141035695312,0.641044802550027,0,0,0,0,0,0,0,0,0,0,0,0,0,0,0,0.121768321991449,8.38691897088214,4.55272635280427,6.70832755698348,5.98878747248855,6.3540924384629,6.30981304864783,6.78481013939133,6.68518151230742,5.97872397480331,6.34201624124061,3.1830843178426,0,0
805,0,0,0,0,0,0,0,0,0,0,0,0,0,0,0.144233600647626,0.209794328214728,0,0,0,0,0,0,2.08281388347795,0,0,0,0,0,0,0,0,0,0,0,0,0,2.87862025348478,8.78312024083584,6.09109590427281,5.28318601533052,5.5595496976903,6.27970907435048,6.22423461256293,7.38718105694553,7.26614586759088,6.85563485036302,0.354027928862354,0
806,0,0,0,0,0,0,0,0,0,0,0,0,0,0,0,0,0,0,0,0.143582433150345,0,0,0,0,0,0,0,0.230936780591464,0,1.89669381972729,3.02125553391181,3.08652027625288,2.75618027271117,1.64266336107668,9.40515140782716,6.87990791570745,6.71423587745706,5.73325659642288,4.85067646537985,5.18202054188064,5.5786293607225,5.29246856738091,4.69705330263857,2.59050823446078,0,0,0,0
807,0,0,0,0,0,0,0,0,0,0,0,0,0,0,0,0,0,0,0,0,0,0,0,0,0,0,0,0,2.19342723004695,2.55699530516432,2.53496087636933,2.51392801251956,2.52394366197183,3.24006259780908,8.78472613458529,6.58128325508607,6.7014710485133,7.06503912363067,6.55824726134585,6.05145539906103,5.84212832550861,5.83010954616588,5.12600938967136,2.99768388106416,0,0,0,0
808,0,0,0,0,0,0,0,0,0,0,0,0,0,0,0,0,0,0.865871573527185,3.13206648493109,3.07732747740926,3.06737493058711,4.00888585996264,2.36572037962542,1.40231384724115,0.153269221061134,1.16046695946287,1.73074789237215,3.27538315917007,3.30723130900096,3.27538315917007,3.29628350749659,3.27538315917007,4.16215508102378,4.92850118632945,3.53813039527487,2.93500605785249,3.25348755616134,7.8416116411732,6.7577792922409,5.86005956888283,4.96233984552476,4.91755338482508,3.80087763137968,1.3794229895502,1.36947044272805,1.38041824423242,1.17141476096724,0
809,0,0,0,0,0,0,0,0,0,0,0,0,0,0,0,0,0,0,0,0,0,0,0.230428593063759,0,0,0,0,0,0.109727901458933,0,0,0,0,0.867847947902469,3.45742642233328,2.95367560199909,6.09289111010147,6.94876874148115,4.2484648392145,3.60107022060679,4.44597506184058,3.87439244787723,0.67033772527639,0,0,0,0,0
810,0,0,0,0,0,0,0,0,0,0,0,0,0,0,0,0,0,0,0,0,0,0,0,0,0,0,0,0.320868039779898,0,0,0,0,0.0221288303296481,0.962604119339694,1.11851178757131,2.28027537987783,6.70805315765561,7.17275859457822,5.11477737392095,3.5526831238326,3.74178403755869,7.28440860215054,4.41671336261295,2.9552047049321,0.254481548790954,0,0,0
811,0,0,0,0,0,0,0,0,0,0,0,0,0,0,0,0,0,0,0,0,0,0,0,0,0,0,0,0.3224784189005,1.3798841435711,1.50220354384371,1.37887323943662,0.456928668786915,0,0,0,0.255758746024534,4.85031803725579,4.49447978191731,3.78280327124035,3.96072239890959,3.64835302135393,4.46111994547933,3.97184234438891,3.79392321671967,3.02563607451159,0,0,0
812,0,0,0,0,0,0,0,0,0,0,0,0,0,0,0,0,0,0,0,0,0,0,0,0,0,0,0,0,0,0,0,0,0.0439466908980766,0.109866727245192,0,0,0.868945933666515,9.9798939875814,6.43119869756171,5.90184082992579,5.99073300015145,5.89185294563077,4.91304028471907,4.73725352112676,3.80338633954263,0.417493563531728,0,0
813,0,0,0,0,0,0,0,0,0,0,0,0,0,0,0,0,0,0,0,1.94165379373012,1.35391539199354,0.853884093089,0,0,0,0,0,0,0,0,0,0,0,0,0.433310846527551,3.62734462707982,2.41889999244846,1.96347119087774,2.00871246255695,7.9544209227981,3.96112467591311,3.56099076195031,3.56099076195031,3.56199612354318,2.32942281068291,0,0,0
814,0,0,0,0,0,0,0,0,0,0,0,0,0,0,0,0,0,0,0,0,0,0,0,0,0,0,0,0,0,0,0,0,0,0.57418783195308,0,0,0,0,5.68485966722884,4.50347320462154,4.08433609384046,3.75322777959574,4.91260704306895,6.10499710524329,5.6518488685277,2.89194603166612,1.84360309109674,0
815,0,0,0,0,0,0,0,0,0,0,0,0,0,0,0,0,0,0,0,0,0.0767538449920709,0,0,0,0,0,0,0,0.0657890099932036,0,0,0,0,0,0,2.39830845520679,2.40927329020565,9.55934251264883,7.45708460241146,6.78723286429884,5.87416114984771,4.89530042540338,4.89530042540338,4.87237395222393,1.61681476074206,1.40848289576359,0.164472524983009,0
816,0,0,0,0,0,0,0,0,0,0,0,0,0,0,0,0,0,0,2.24706824074307,3.3137271880585,3.30374908752234,1.29914868980794,0,0,0,0,0,1.62942381755481,1.80603619704483,2.4995141843079,0.782283082034888,0,0,1.28817277921816,8.46741611498477,7.96052860774788,7.65320311123417,6.80506456566063,6.3640325219624,6.32012887960329,2.52246381554107,1.32110051098749,1.31012460039771,0.164638658846628,0,0,0,0
817,0,0,0,0,0,0,0,0,0,0,0,0,0,0,0,0,0,0,0,0,0,0.646140911722506,1.82544717698291,1.32399426083017,0,0,0,0,0,0,0,0,0.37163012560727,0.229915171042364,0.775963702267979,6.91232033629521,4.07901225866539,3.52107156342034,3.59837062954666,4.41793893321922,3.30304855639741,1.46471820172679,1.14858484154353,1.04948347471493,0.61244644700078,0,0,0
818,0,0,0,0,0,0,0,0,0,0,0,0,0,0,0,0,0,0,0,0,0,0,0,0,0,0,0.551069046240592,0.121794245727087,0,0,0,0.407311903743046,0.341423213431671,3.80057945477887,5.97091298109598,4.39557429456037,3.63585772900043,3.55798927681426,3.60291338384474,4.20888967201148,3.93235683540162,4.46146298487175,1.87283610642636,2.35801646235558,2.34703501397035,0.418293352128275,0,0
819,0,0,0,0,0,0,0,0,0,0,0,0,0,0,0,0,0,0,0,0,0,0,0,0,0,0,0,0.164472524983009,0.572165026304528,0,2.88175799833866,1.67263573891812,1.396521257583,5.7425831298613,2.16705011704886,3.12398117149546,4.45471341908526,3.87158355778186,4.10383869912151,4.01512321594885,4.28924409092053,4.32313539909885,2.87079316333979,2.83889546152491,0.153507689984142,0,0,0
820,0,0,0,0,0,0,0,0,0,0,0,0,0,0,0,0,0,0,0,0,0,0,0,0,0.142110906939865,0.154036297732021,0,0,0,0,0,0,0.164967905958164,0,5.78977722959196,4.8476713570116,4.05761421703124,3.56370428172276,3.60842449719334,2.7746409243084,1.48073602335943,4.17786190751882,3.048924912528,0.855646789337227,0,0,0,0
821,0,0,0,0,0,0,0,0,0,0,0,0,0,0,0,0,0,0,0,0,0,0,0,0,0,0,0.254882582923446,0,0,0,0,0.58733812586707,0,0,0,0,1.13236372808677,4.93646109219322,6.42445150712574,6.15747963173162,5.98017000882835,3.39507630218186,2.51759515701854,0.0785804010594022,0,0,0,0
822,0,0,0,0,0,0,0,0,0,0,0,0,0,0,0,0,0,0,0,0,1.76402925967966,1.264338504225,1.09811073275318,1.05378332702737,0.920801109849918,0.289135578257031,0.288128137217808,0.0221637028629083,0,0,0,0.289135578257031,0.155145920040358,1.93025703115147,3.93808702232312,2.56293000378358,5.32533333333333,3.75070298902762,6.29046184890907,5.83610594021945,5.34749703619624,3.81618665657712,0,0,0,0,0,0
823,0,0,0,0,0,0,0,0,0,0,0,0,0,0,0,0.0218362971370917,3.33400554924959,3.3121692521125,3.00546853323244,1.62878925463488,0.207444822802371,0,0,0,0,0,1.93548997351494,0.972707781561357,0.229281119939463,0.0436725942741834,0,0,0.0764270399798209,0.568736284525161,1.48685332324379,2.44765039727582,4.91912220961029,6.59158405851936,4.99554924959011,4.85262075923824,4.72259553537647,4.48140370790768,1.83623407743726,0.75434481019044,0,0,0,0
824,0,0,0,0,0,0,0,0,0,0,0,0,0,0,0,0,0,0,0,0,0,0,0,0,0,0,0,0,0,0,0,0,0.285026106696935,1.21883541430193,0.691636776390465,8.50493984108967,6.366247446084,7.36383881952327,5.82808626560726,5.86097389330306,3.2488989784336,3.13827695800227,3.42429965947787,0.8122247446084,0,0,0,0
825,0,0,0,0,0,0,0,0,0,0,0,0,0,0,0,0,0,0,0,0,0,0,0,0,0,0,0,0,0,0,0.623485433219826,0.196576617480136,0,0,0.78729928111994,5.58654861899357,4.5272190692395,3.72800605372683,3.88189178963299,4.1211592886871,3.73991978811956,4.26412410139992,0,0,0,0,0,0
826,0,0,0,0,0,0,0,0,0,0,0,0,0,0,0,0,0,1.28653802497162,1.49629965947787,1.16567536889898,1.38642451759364,0.175800227014756,0,0,0,0,0,0,0,0.252712826333712,1.14469920544835,0.758138479001135,0,0,0,0,0,1.27654937570942,1.57321225879682,1.54024971623156,1.374438138479,1.54024971623156,0,0,0,0,0,0
827,0,0,0,0,0,0,0,0,0,0,0,0,0,0,0,0,0,0,0,0,0,0,0,0,0,0,0.21902888132173,0,0,0,0,0,0.734742338251986,0,0,0,2.16042123849161,1.33707176188674,1.31616445957876,1.65466363980325,0.493810568798083,0,0,0,0,0,0,0
828,0,0,0,0,0,0,0,0,0,0,0,0,0,0,0,0,0,0,0,0,0,0,0,0,0,0,0,0,0,0,0,0,0.320071470060863,0,0.50769957319999,0,0,0,0,0,1.85420713690431,1.48998787786954,1.28028588024345,1.73280071722605,2.51542061267268,2.47227618253908,0.408367048008687,0
829,0,0,0,0,0,0,0,0,0,0,0,0,0,0,0,0,2.70064903906862,3.37305553451019,3.12954617774074,1.85187362678991,1.60936636613885,1.28969770437154,0,0,0,0,0,0,0,0,0,0,0.0661383438139253,0.74956789655782,0,0,6.26109654771826,3.54842235522893,3.59351668055661,3.58249362325429,1.68652776725509,0,0,0,0,0,0,0
830,0,0,0,0,0,0,0,0,0,0,0,0,0,0,0,0,0,0,0,0,0,0,0,0,0,0,0,0,0,0,0,0,1.21276687627851,0.163887415713312,0,2.173246458065,1.3657284642776,1.17998939313584,1.28924767027805,1.68257746799,1.40943177513448,0,0,0,0,0,0,0
831,0,0,0,0,0,0,0,0,0,0,0,0,0,0,0,0,0,0,0,0,0,0,0,0.208488016768947,0,0,0,0,0,0,0,0.790059853019168,0,0,0,0,1.62401192009496,1.51428138495341,5.02466095916357,3.74181124832689,4.68549385054423,6.72548425385762,5.42068843599263,2.55672146879814,0,0,0,0
832,0,0,0,0,0,0,0,0,0,0,0,0,0,0,0,0,0,0,0,0,0,0,0,0,0,0,0,0,0,0,0,0,1.01971891809986,0.0657883172967649,0,3.02526580296487,5.47139505518095,3.5525691340253,3.60639593908629,4.32009950248756,3.65125160997045,4.67097052807031,6.33661110690204,3.28941586483824,0.0986824759451474,0,0,0
833,0,0,0,0,0,0,0,0,0,0,0,0,0,0,0,0,0,1.05261307674824,1.46927241962775,1.3157663459353,0.887145490820012,0.844283405308483,1.71049624971589,0.66884789251711,0,0,0,0,0,0,0,1.03068363764932,0.0219294390989216,0,0,6.6884789251711,3.65025481728414,3.8047576836629,3.57449857312423,3.57449857312423,2.89368916837134,0,0,0,0,0,0,0
834,0,0,0,0,0,0,0,0,0,0,0,0,0,0,0,0,0,0,2.10009798722125,1.61630578074097,1.15450412910069,1.43144663631765,0.15415579160344,0,0,0,0,0,0,3.07811077389985,3.40844461305008,3.59463277693475,3.59563378856854,3.70474405665149,3.87091198786039,3.72676631259484,3.4855225088518,3.41845472938796,1.68270055639858,1.11012190187152,1.27528882144664,5.40946686899342,3.34237784522003,0.725733434496712,0,0,0,0
835,0,0,0,0,0,0,0,0,0,0,0,0,0,0,0,0,0,0,0,0,0,0,0,0,0,0,0.142674506828528,0.130701820940819,0,0,1.60034901365706,1.80787556904401,1.19427541729894,1.00869878603945,1.22720030349014,0.635550075872534,0,0,0.986748861911988,5.2270751138088,3.07897572078907,3.3533497723824,2.25685128983308,0,0,0,0,0
836,0,0,0,0,0,0,0,0,0,0,0,0,0,0,0.208577137076378,3.39811077389985,2.40013404147699,2.15962164896308,1.49097723823976,0.0987996965098634,1.87420030349014,1.44706626201315,0.876223571067274,0,0,0,0,0,0,0,0,0,0,0,0,0.646688922610015,0,0,0,0,1.56782144663632,1.6326899342438,1.50195498229641,0.745488619119879,0,0,0,0
837,0,0,0,0,0,0,0,0,0,0,0,0,0,0,0,0,0,0.968198786039454,1.28892716236722,0,0,0,0,0,0,0,0,0.0982230652503794,0.154350531107739,2.53174962063733,4.81092564491654,2.0807253414264,0.18742564491654,0.230523520485584,0,0.341776176024279,0.0882003034901366,0,0.638449924127466,1.37612518968134,1.321,0.517174506828528,0.94614871016692,0.37485128983308,0,0,0,0
838,0,0,0,0,0,0,0,0,0,0,0,0,0,0,0,0,0,0,0,0,0,0,0,0,0,0,0,0,0,0,0,0,0,0,0,0,0,0,0,0,0,0.838588770864947,2.5187435508346,2.64874962063733,1.71091957511381,1.41716540212443,1.41716540212443,0.0327496206373293
839,0,0,0,0,0,0,0,0,0,0,0,0,0,0,0,0,0,0,0,1.52883687405159,1.47512367223065,1.15781790591806,0.240714719271624,0,0,0,0,0,0,0,0.392902124430956,2.01026631259484,1.48606525037936,0,0,0,0,0,0,0,0.0218831562974203,3.2775,3.2775,0.928044764795144,0,0,0,0
840,0,0,0,0,0,0,0,0,0,0,0,0,0,0,0,0,0,0.317870510875063,0,0,0,0,0,0,0,0,0.96357612544259,1.67405159332322,1.22564491654021,1.01838138593829,0.776241780475468,1.32429438543247,0.98549822964087,0,0,0,0,0,2.58282245827011,4.65147192716237,4.67339403136065,3.58924633282752,3.66697015680324,2.16630247850278,0,0,0,0
841,0,0,0,0,0,0,0,0,0,0,0,0,0,0,0,0,0,0,0,0,0,0,0,0,0,0,0,0,0,0.120812907150643,0,0,0,0.339474284555525,0.295542318318927,0,0.33847583077742,0,0,0,0,0.492237712605511,1.69637296899952,1.56457707028973,0.569118653519556,0,0,0
842,0,0,0,0,0,0,0,0,0,0,0,0,0,0,0,0,0,0,1.55872145192771,1.32831918075587,1.17505158297635,1.6789313325391,1.37239613698005,1.20810930014448,0.921609084687334,0,0,0,0,0.692208562520595,0.14224835872348,1.36137689792401,0.702226052571544,0.296517705508099,0,0.165288585840663,0.186325314947657,0.164286836835568,0,0,0,0,0,0,0,0,0,0
843,0,0,0,0,0,0,0,0,0,0,0,0,0,0,0,0,0,0,1.42388025652075,1.64270816962815,1.42288104230565,1.533793820182,1.182070416466,0.120904920027376,0,0,0,0,0,0,0,0,0,0,0.941259790626347,1.11712149248435,1.2260358419305,1.99343235912905,2.28820055258422,1.25900991102887,1.26000912524397,1.06216471065372,0.86432029606347,1.47883703835137,1.11712149248435,3.46027882689919,3.89793465311399,3.86496058401561
844,0.527986616308839,0.627360523180654,0.461737345060962,0.451699576690071,0.351321892981167,0.385450305442194,0.351321892981167,0.363367215026235,0.363367215026235,0.362363438189146,0.374408760234215,0.263993308154419,0.352325669818256,0.362363438189146,0.275034853362399,0.352325669818256,0.341284124610276,0.351321892981167,0.275034853362399,0.352325669818256,0.197744036906542,0,0,0.451699576690071,2.23239968568604,1.2647588147322,1.29888722719323,2.254482776102,0.472778890268941,0,0,0,0,0,0,0,0,0,1.44142353805987,1.29788345035614,1.02284859699374,1.2647588147322,0.143540087703734,0,0,0,0,0
845,0,0,0,0,0,0,0,0,0,0,0,0,0,0,0,0,0,0,0,0,0,0.570274517756204,1.68781247623634,1.56875516463461,1.51272819446909,0,0,0,0,0,0,1.47971230133583,3.25656764087095,6.99536741780943,6.18297635040937,6.23900332057489,4.78030113305113,2.97143038199285,3.14651466376011,2.87238270259309,1.51272819446909,0,0,0,0,0,0,0
846,0,0,0,0,0,0,0,0,0,0,0,0,1.2062751261058,1.41332234924337,1.09625003168487,1.0632425033586,0.80018250487947,0.713162657473828,0.230052470152848,0.142032394616106,0,0,0,0,0,3.34376264226509,0.460104940305696,0,0,0.296067526805404,0,0,0,0.230052470152848,0,0,4.36299510785531,4.40600491749259,4.63605738764543,5.21819015994525,5.04215000887177,4.00091252439735,0.219049960710755,0,0,0,0,0
847,0,0,0,0,0,0,0,0,0,0,1.06943981141162,1.52115991990064,1.1911728473296,1.06943981141162,0.473853387746825,0,0,0,0,0,0,0,0,0.2977932118324,0,0,0,0,0,0.253526653316773,0,0,0.164993536285519,0.62878634255152,0,0,0,0,0,0,1.55435983878736,1.34509974398621,1.44469950064637,0.771646599579225,0,0,0,0
848,0,0,0,0,0,0,0,0,0,0,0,0,0,0,0,0,0,0,0,0,0,0,0,0,0,0,0,0,0.207552008108451,0,0,0,0,0,0.546819713670341,0,0,0,0,0.546819713670341,1.68536221968833,1.39997820853921,1.17047358418852,1.25828404915748,0.338269859369061,0,0,0
849,0,0,0,0,0,0,0,0,0,0,0,0,0,0,0,0,0,0,0.832415051311288,1.54206385404789,1.31349904979095,1.23664538198404,0,0,0,0,0,0,0,0,0,1.59695933105283,1.40033371341695,1.44524819460281,0.229562903838845,0,0,0,0.754563283922463,1.58697833523375,1.34543823641201,1.19272900038008,0.546958570885595,0,0,0,0,0
850,0,0,0,0,0,0,0,0,0,0,0,0,0,0,0,0,0,0,0,1.32183555048777,0.56147877866464,0,0,0,0,0,0,0,0,0.253117445838084,2.45584188521475,1.13400633472697,1.28768478398581,0.209926770556189,0.330458887621943,0,0,1.38712378056506,1.34292867097428,0.837698213606993,0.979323451159255,1.29973799569239,0.417844672494615,0,0,0,0,0
851,0,0,0,0,0,0,0,0,0,0,0,0,0,0,0,0,0,0,0,1.27568529076397,0.403685290763968,0,0,0,0,0,0,0,0,0,0,0,1.17724971493729,0.228688711516534,0,0,2.56131356898518,3.31399771949829,4.06568757126568,3.91256556442417,3.50987457240593,1.56999771949829,0.67612314709236,0,0,0,0,0
852,0,0,0,0,0,0,0,0,0,0,0,0,0,0,0,0,0,0,0,0,0,0,2.20616343595591,1.50063397947548,0.474043329532497,2.19609882174078,2.95698365640441,0,0,0,0,8.77131128848347,6.25616419612315,6.44336602052452,5.36242645381984,3.06769441277081,3.1773987077157,3.15525655644242,3.04555226149753,2.84727936145952,0,0,0,0,0,0,0,0
853,0,0,0,0,0,0,0,0,0,0,0,0,0,0,1.79540630938807,1.57759964525529,1.13898897757507,1.14997922209553,0.142873178765995,0,0,0,0,0,0,0,0,0,0,0,0.273756999873305,0,5.1804016216901,4.50200380083618,3.47191815532751,3.55984011149119,3.65775319903712,1.72047282402128,0,0,0.941164576206765,2.74955935639174,2.89143342201951,0.372669200557456,0,0,0,0
854,0,0,0,0,0,0,0,0,0,0,0,0,0,0,0,0,0,0,0,0,0,0,0,0,0,0,0,0,0,0,0.427162295705055,0,0,0,0,0,1.65662941847206,1.60060813378943,1.51357506651463,2.42392094260737,4.77081261877613,3.61837476244774,2.31487951349297,1.89672063854048,0,0,0,0
855,0,0,0,0,0,0,0,0,0,0,0,0,0,0,0.0667776510832383,0,0,0,0,0,0,0,0,0,0.210450779171418,0,0,0,0,0,0,1.30924667426834,2.08528392246294,1.33049410870391,0.576716077537058,0,0,0,0.788178639300646,4.00362371721779,4.670388445458,4.01475332573166,0,0,0,0,0,0
856,0,0,0,0,0,0,0,0,0,0,0,0,0,0,0,0,0,0,0,0,0,1.0978051437983,1.60229707833308,1.21898678414097,0.559452883690314,0.066053471061826,0,0,0,0,0,0,0,0.231187148716391,0,0.0760615727378602,0.384311104359714,0,0,0.439355663577903,0.110089118436377,0,0,0,0,0,0,0
857,0,0,0,0,0,0,0,0,0,0,0,0,1.60899792394552,1.51024355663578,0.361101827940655,0,0,0,0,0,0,0,0,0,1.1820598511317,2.46287406957314,3.15116208415616,2.93370297230239,2.49579219200972,0,0,1.09427819130083,1.97009975188617,1.54316167907236,1.34565294445288,1.3466504633146,1.80550913970328,1.48829814167806,1.20400526608942,1.02844194642767,3.51326143095853,5.8883538407008,0,0,0,0,0,0
858,0,0,0,0,0,0,0,0,0,0,0,0,0,0,0,0,0,0,0,0,5.01626614005772,0.684310344827586,0,0,0,0,0,0.275331915540027,0.0221069421236518,0,0,0,0.0442138842473037,0.463240923591068,0.109529849612639,0.352706212972809,1.55552483670059,1.42187832295306,2.09513519671882,3.7039176667173,3.14220036457542,2.45889488075346,0.881263101929212,0,0,0,0,0
859,0,0,0,0,0,0,0,0,0,0,0,0,0,0.0327677350751937,2.01571218795888,1.3514208314345,1.12204668590815,1.23127246949213,0.424987594308573,0,0,0,0,0,0.07546508683984,0.534213377892552,0,0,0,1.6344149070839,5.87237531014229,2.25501595017469,0,0,0,0,0.151923135348625,6.19905969922528,1.11112410754975,1.11211706921869,1.49242138842473,1.35042786976556,0.860897766975543,0,0,0,0,0
860,0,0,0,0,0,0,0,0,0,0,0,0,0,0,0.817180616740088,1.65650159501747,0,0,0,0,0,0,0,0,0,0,0,0,0,0,0.320028862220872,0.640057724441744,0,0,0,1.30326219049066,1.50151906425642,1.30326219049066,0.893665502050737,1.62329105271153,1.47937870271912,1.17142640133678,0.595777001367158,0,0,0,0,0
861,0,0,0,0,0,0,0,0,0,0,0,0,0,0,0,1.72662463922224,0.0537703174844296,0.415226340574206,1.02761051192465,0,0,0,0,0,0,0,0,0,0,0,0,0.349507063648792,0.0876257025672186,0,0,1.60514355157223,1.36616436275254,5.89979872398602,3.80176059547319,4.01982910527115,3.73703706516786,3.57273887285432,0.371413489290597,0,0,0,0,0
862,0,0,0,0,0,0,0,0,0,0,0,0,0,0,0,0,0,0,0,0,0,0,0,0,0,0,0,0,0,0,0,0,0,1.15863688054383,0,5.46286244977382,2.71486492633494,1.37952086123676,0.981929695989487,1.62249323999899,1.55622804579111,0.948797098885547,1.5783164438604,0.364458568143337,0,0,0,0
863,0,0,0,0,0,0,0,0,0,0,0,0,0,0,1.08549796568194,1.60130903944808,1.12939678047055,1.25011852113922,1.39278966920219,1.03062444719618,0.888950999469308,0.668459225190165,0.537760481160446,0.44996285158323,0.448965151247125,0.548735184857598,0.482886962674686,0.0987723332743676,0,0,0,0.0209517070581992,0.296316999823103,0,0.603608703343357,2.12709711657527,1.48058729877941,1.04159915089333,0.877976295772156,0.833079780647444,0.592633999646205,2.33561648682116,4.55150893330975,2.65388289403856,1.7330054838139,2.10514770918097,2.53316115336989,2.15004422430568
864,0,0,0,0,0,0,0,0,0,0,0,0,0,0,0,0,0,0,1.35228778651032,1.57055874251346,1.39594197771095,1.03579490030578,0.861178135503273,0.654812868009401,0.610166536099669,0.534763842207677,0.272838695003917,0,0,0,0,0,0,0,0.19644386040282,0.0763948346010968,0.501031058098102,1.42868262111142,1.26497940410907,0.120049025801723,2.00710065451972,2.57361299941877,2.56269945161861,1.1558439261075,0,0,0,0
865,0,0,0,0,0,0,0,0,0,0,0,0,0,0,0,0,0,0,0,1.57950822572086,1.62371837962144,1.45793030249425,0.319518839554219,0,0,0,0,0,0,0,0,0,0,4.89326021581461,5.1575163629931,6.93597028126658,7.11281089686892,6.05277197947992,3.19217406686715,3.86537413762604,2.02060498850168,0,0,0,0,0,0,0
866,0,0,0,0,0,0,0,0,0,0,0,0,0,0,0,0,0,0,0,0,0,0,0,0,0,0,0,0,0,0,0,0,5.19980692931692,4.49927876475196,3.67056885092618,3.24329635339011,3.17870865027419,3.88817972757828,3.3973131838973,3.72422632736095,2.41359278259331,0,0,0,0,0,0,0
867,0,0,0,0,0,0,0,0,0,0,0,0,0,0,0,0,0,0,0,0,0,0.614583407040509,1.7539571908721,1.4366884839908,0.998698036440828,0,0,0,0,0,0,1.15134618786485,0.252418185034495,0,0,0.800155669555988,1.70008137272245,1.33791615071643,1.09647266937909,1.77690429860251,1.6891066690253,2.20392004245533,3.91497611887493,2.22686715018574,0,0,0,0
868,0,0,0,0,0,0,0,0,0,0,0,0,0,0,0,0,0,0,0,0,0,0,0,0,0,0,0,0,0,0,0,0,1.04977786763034,0,0,0,1.62494351924389,1.44796947259357,1.32629981552147,1.38160420509969,1.37054332718405,1.14932576887114,2.92912157893407,2.88487806727149,2.88487806727149,2.0331904677668,0,0
871,0,0,0,0,0,0,0,0,0,0,0,0,0,0,0,0,0,0,0,0,0,0,0,0,0.163833937029813,3.34221231540819,3.16944198181312,3.19029357379873,3.14660452392411,2.76631120342461,1.96004964664758,1.68798601788293,5.63985916563236,6.93662960054713,5.46609589908559,6.44711365536108,4.3659261886066,3.04929709465792,3.47327946503204,3.88733250588921,3.3650497732972,0.0436890498746169,0,0,0,0,0,0
872,0,0,0,0,0,0,0,0,0,0,0,0,0,0,0,0,0,0,0,0,0,0,0,0,0,0,0,0,0,0,0,0,0.52534714658426,0.252685984954026,0.163796448744902,0,1.16155652372147,1.6649309759619,1.42323133817979,0.449441475214671,0,0,0.0988771245472276,2.6936525747866,2.41000506598445,1.35831201398212,0.853938802907875,0
873,0,0,0,0,0,0,0,0,0,0,0,0,0,0,0,0,0,0,2.05735150333088,1.44473568226146,1.26913245016338,0.853072519567365,0.832119861192026,0.61261582106943,0.152655082448897,0,0.0219504040122597,0.065851212036779,0,0,0,0.438010334608273,0,0.55773981103878,0.711392639124598,0,0.689442235112338,1.36790926821855,1.13743002608982,1.4227852782492,1.37888447022468,0.306307910534715,0.896973327591884,0,0,0,0,0
874,0,0,0,0,0,0,0,0,0,0,0,0,0,0,0,2.0557845943413,1.37683730590947,1.23626231667469,0.699883988956154,0,0,0,0,0,0,1.53037310975455,0.218339876896578,0,0,0,0,0,0,1.34493376225335,0.74375136148332,0,0,1.03885914030244,1.65100838420426,1.37683730590947,1.2143286304111,1.32300007598977,1.48650573722739,1.29009954659439,0.503477798323159,0,0,0
875,0,0,0,0,0,0,0,0,0,0,0,0,0,0,0,0,1.33375617416855,1.43225512297677,0.176896071329061,0,0,0,0,0,0,0,0,0,0,0,0,0,1.49859114972517,1.93982623673345,0.904582182932698,0.892521087160262,1.63126320322197,1.33375617416855,1.20108412067175,2.34789331036754,3.95704450467337,2.4584533549482,2.4685042680919,1.7197112388865,0,0,0,0
876,0,0,0,0,0,0,0,0,0,0,0,0,0,0,0,0,0.636177208135971,1.7444859292282,1.30536361103371,0.296082474226804,0,0,0,0,0,2.9508219559766,2.96182502089719,2.84079130677069,2.44668152688771,0,0,0,0.208242571747287,0.570664739884393,3.64224267315688,3.41097327857215,3.87251090153128,4.87067361322381,4.54128993002738,2.11646536862387,1.45970033465166,1.32654522867863,1.4486875063381,0.921072913497617,0,0,0,0
877,0,0,0,0,0,0,0,0,0,0,0,0,0,0,0,2.09923562519014,0.750365074536051,0,0,0,0,0,0,0,0.184613629449346,0,0,0,0,0,0,0,0.467489351992698,0,0,0,0,1.52256616975966,6.43864846364466,3.56621919683602,3.52353970185579,4.03470109522361,2.46846288408883,0,0,0,0,0
878,0,0,0,0,0,0,0,0,0,0,0,0,0,0,0,0,0,0,0,0,0,7.12448027583409,1.59447875469019,1.62759253625393,1.30849609573066,1.38475813811987,0.989399655207382,0.891061758442348,0.626151505932461,0.549889463543251,0.439510191664131,0.483661900415779,0.352210222087009,0.439510191664131,0.308058513335361,3.17791958219247,3.23210577020586,3.19899198864212,2.71633353615252,2.97923689281006,3.12272994625291,2.82570936010547,0,0,0,0,0,0
879,0,0,0,0,0,0,0,0,0,0,0,0,0,0,0,0,0,0,0,0,0,0,0,1.48342713720718,1.39581533313051,1.38585944630362,1.23253878916946,0.904990112564649,0,0,0,0,0,0.479873745056282,0,0.905985701247338,1.13397550958321,0.763616519622756,1.02545634317006,1.58199041679343,1.54913599026468,1.96330088226346,2.68311149984789,2.48698052935808,2.47702464253118,0.784523881959233,0,0
880,0,0,0,0,0,0,0,0,0,0,0,0,0,0,0,0,0,2.15649528445391,1.34228780042592,1.17663522969273,0.803163979312443,0,0,0,0,0,0,0,0,0,6.04983267417098,3.75077578338911,4.58707027684819,3.58612716763006,3.23474292668086,2.92552479464557,2.73878916945543,0,0,0,0,1.15555217523578,8.32680255552175,3.22269546699118,2.56309704898083,0,0,0
