RowIndex,Col_01,Col_02,Col_03,Col_04,Col_05,Col_06,Col_07,Col_08,Col_09,Col_10,Col_11,Col_12,Col_13,Col_14,Col_15,Col_16,Col_17,Col_18,Col_19,Col_20,Col_21,Col_22,Col_23,Col_24,Col_25,Col_26,Col_27,Col_28,Col_29,Col_30,Col_31,Col_32,Col_33,Col_34,Col_35,Col_36,Col_37,Col_38,Col_39,Col_40,Col_41,Col_42,Col_43,Col_44,Col_45,Col_46,Col_47,Col_48
335,0,0,0,0,0,0,0,0,0,0,0,0,0,0,0,0,0,0,0,0,0,0,0,0,0,0,0,0,0,0,0,0,0,0,0,0,0,0,0,0,0,0,0,0,0,0,0,0
336,0,0,0,0,0,0,0,0,0,0,0,0,0,0,7.31337848101266,8.31162278481013,6.4031253164557,5.10449746835443,5.0943835443038,5.01549493670886,4.92750379746835,3.995,4.82737594936709,3.95049873417722,4.7828746835443,3.81699493670886,4.51687848101266,4.13861772151899,3.92925949367089,4.46024050632911,3.55201012658228,4.44911518987342,3.70675316455696,4.13962911392405,3.995,3.80586962025316,4.18413037974684,3.51762278481013,4.41675063291139,3.50649746835443,0,0,0,0,0,0,0,0
337,0,0,0,0,0,0,0,0,0,0,0,0,0,0,0,0,0,0,0,0,0,0,0,0,0,0,0,0,0,0,0,0,0,0.85163164556962,4.34584101265823,8.215977721519,6.32626253164557,5.18638632911392,4.80945113924051,4.45670430379747,4.85480430379747,4.23497772151899,4.34684886075949,2.3442546835443,0,0,0,0
338,0,0,0,0,0,0,0,0,0,0,0,0,0,0,0,0,0,0,0,0,0,0,0,0,0,0,0,0,0,0,0,0,4.22338734177215,8.40332835443038,6.3856,6.39671417721519,5.59851417721519,5.13272911392405,4.95591265822785,5.04381569620253,4.1021417721519,4.71140075949367,3.89097240506329,4.84477088607595,3.76972683544304,4.36787164556962,4.06778886075949,4.00211417721519
339,4.28570683544304,0.298697721518987,0,0,0,0,0,0,0,0,0,0,0,0,0,0,0,7.56229974683544,6.32209873417721,5.1040982278481,5.0163053164557,4.07480202531646,4.53899443037975,4.73879898734177,3.78720455696202,4.61669620253164,3.68730227848101,4.34019898734177,4.18580455696203,3.68629316455696,4.44010126582278,4.00820050632911,3.69840253164557,4.39570025316456,3.9082982278481,3.6651017721519,4.40680050632911,4.01930075949367,4.32909873417722,4.34019898734177,3.54299898734177,4.26249721518987,2.11510278481013,0,0,0,0,0
340,0,0,0,0,0,0,0,0,0,0,0,0,0,0,0,0,0,0,0,0,6.70721012658228,7.38195949367089,6.33156607594937,5.29225063291139,5.32649164556962,4.55304759493671,4.41910481012658,4.81791189873418,3.83499341772152,4.65174227848101,3.95584405063291,4.58527443037975,4.32141721518987,4.19855240506329,4.68497620253165,3.86822734177215,4.64066430379747,3.66882379746835,4.30933215189873,4.02231189873418,3.81183037974684,4.38687797468354,3.65774582278481,4.08877974683544,3.978,0.518650632911392,0,0
341,0,0,0,0,0,0,0,0,0,0,0,0,0,0,0,0,0,0,0,0,0,0,0,0,0,0,0,0,0,0,0,0,0,1.20901974683544,8.42977898734177,6.39991974683544,5.1909,5.1909,4.2265146835443,4.82495924050633,4.06982734177215,4.60357518987342,0.299222278481013,0,0,0,0,0
342,0,0,0,0,0,0,0,0,0,0,0,0,0,0,0,0,0,0,0,0,0,0,0,0,0,0,0,0,0,0,0,0,0,0,5.97760860759494,8.33333620253165,5.22915341772152,5.18500860759494,5.00842936708861,4.76663620253165,4.05128962025316,0,0,0,0,0,0,0
343,0,0,0,0,0,0,0,0,0,0,0,0,0,0,0,0,0,0,0,0,0,0,0,0,0,0,0,0,0,0,0,0,0,0,6.56764405063291,8.22632202531645,5.26132253164557,5.1402,4.37142227848101,0,0,0,0,0,0,0,0,0
344,0,0,0,0,0,0,0,0,0,0,0,0,0,0,0,0,0,0,0,0,0,0,0,0,0,0,0,0,0,0,0,0,0,0.782155443037975,8.27337721518987,7.1829782278481,6.13675746835443,5.0674435443038,4.83651189873418,4.35155544303797,4.6266653164557,4.4067782278481,3.5694,0,0,0,0,0
345,0,0,0,0,0,0,0,0,0,0,0,0,0,0,0,0,0,0,0,0,0,0,0,0,0,0,0,0,0,0,0,0,0,5.5965782278481,7.9761782278481,5.54135544303797,5.18893367088608,4.48308607594937,4.60558025316456,4.24110987341772,4.5393129113924,3.81137620253164,4.53830886075949,3.966,3.77924658227848,4.2742435443038,1.46490987341772,0
346,0,0,0,0,0,0,0,0,0,0,0,0,0,0,0,0,0,0,0,0,0,6.65484759493671,6.95104253164557,5.21102278481013,4.3626,4.95800202531646,4.13066430379747,4.69293265822785,3.86760303797468,4.72606632911392,3.70093063291139,4.02122278481013,4.2742435443038,3.85655848101266,3.60253367088608,4.14170886075949,4.1868911392405,3.50313265822785,3.95495544303797,4.03226734177215,3.42582075949367,4.16379797468354,1.2781564556962,0,0,0,0,0
347,0,0,0,0,0,0,0,0,0,0,0,0,0,0,0,0,0,0,0,0,0,0,6.84160101265823,6.90786835443038,5.0674435443038,4.56039797468354,4.52826835443038,4.46200101265823,3.81137620253164,4.57144253164557,3.85655848101266,3.98808911392405,4.3184217721519,3.94391088607595,3.6577564556962,4.30737721518987,3.99913367088608,3.59148911392405,4.3626,0.450818734177215,0,0,0,0,0,0,0,0
348,0,0,0,0,0,0,0,0,0,0,0,0,0,0,0,0,0,0,0,0,0,0,0,0,0,0,0,0,0,0,0,0,0,0,2.57970227848101,8.24439898734177,7.18660050632911,6.1940982278481,5.01575291139241,4.45320101265823,4.8489964556962,4.25530329113924,0.837800506329114,0,0,0,0,0
349,0,0,0,0,0,0,0,0,0,0,0,0,0,0,0,0,0,0,0,0,0,0,0,0,0,0,0,0,0,0,0,0,0,0,7.00653797468355,8.21313544303798,6.40929240506329,5.36915696202532,4.81529240506329,4.74870759493671,4.23923291139241,4.75980506329114,4.04048734177215,3.0770253164557,0,0,0,0
350,0,0,0,0,0,0,0,0,0,0,0,0,0,0,0,0,0,0,0,0,0,0,0,0,0,0,0,0,0,0,0,0,0,0.817961518987342,8.31157696202532,7.28408835443038,5.30566911392405,5.23918455696202,4.13312329113924,5.05181898734177,4.13312329113924,4.44338455696202,4.48770759493671,3.77954632911392,0,0,0,0
351,0,0,0,0,0,0,0,0,0,0,0,0,0,0,6.17260405063291,7.28857215189873,5.2653129113924,4.53544759493671,4.81166734177215,4.20277417721519,4.81166734177215,3.87110886075949,4.43564556962025,4.3802,3.78340405063291,4.08079392405063,4.4023782278481,4.01526734177215,3.76122582278481,4.07071291139241,4.3136653164557,3.70578025316456,3.80457417721519,4.28039797468354,0,0,0,0,0,0,0,0,0,0,0,0,0,0
352,0,0,0,0,0,0,0,0,0,0,0,0,0,0,0,0,0,0,0,0,0,0,0,0,0,0,0,0,0,0,3.48924759493671,8.26475139240506,7.23392911392405,5.57209417721519,4.97338936708861,5.19550582278481,4.57559898734177,4.74117670886076,4.58569518987342,4.46454075949367,4.16569316455696,4.6745417721519,4.05463493670886,4.02131746835443,4.32016506329114,4.47564658227848,2.5694835443038,0
353,0,0,0,0,0,0,0,0,0,0,0,0,0,0,0,0,0,0,0,0,3.81283746835443,8.1322405063291,5.44734227848101,5.24894582278481,5.23786784810127,5.21571189873418,4.3758,4.86222379746836,5.95592202531646,4.85114582278481,4.5741964556962,5.10493215189873,4.50873569620253,4.80683392405063,3.98907797468354,4.48657974683544,4.29825417721519,3.74536253164557,4.81791189873418,4.1774035443038,4.44226784810127,4.16531848101266,3.82290835443038,4.48657974683544,3.62451189873418,6.51989164556962,7.86737620253165,7.20471189873418
354,7.91806430379747,6.96360506329114,5.45246227848101,6.09720303797468,4.13059189873418,4.05366835443038,1.12146430379747,0,0,0,0,0,0,0,0,0,0,0,0,0,0,0,0.345143797468354,8.31786430379747,6.0415346835443,4.83100101265823,5.1528653164557,4.5637929113924,4.85326835443038,4.05366835443038,4.78646632911392,4.21966126582278,3.96459898734177,5.0759417721519,4.05366835443038,4.73079797468354,4.21966126582278,3.90893063291139,4.15387139240506,4.3532653164557,4.08706936708861,3.74293772151899,0.854256202531645,0,0,0,0,0
355,0,0,0,0,0,0,0,0,0,0,0,0,0,0,0,0,0,0,0,0,0,0,0,0,0,0,0,0,0,0,0,0,0,1.31172025316456,8.34638987341772,7.3020782278481,8.11342025316456,7.22408405063291,5.32284936708861,5.27929417721519,4.69079265822785,4.67863772151899,4.56721746835443,4.6016564556962,0.4001,0,0,0
356,0,0,0,0,0,0,0,0,0,0,0,0,0,0,0,0,0,0,0,0,0,0,0,0,0,0,0,0,0,0,0,0,0,0,4.36197620253165,8.33450835443038,8.85782379746836,9.4034511392405,8.8132,4.74026430379747,5.85281670886076,8.53531544303798,8.20063696202532,8.29089873417722,4.29504050632911,0,0,0
357,0,0,0,0,0,0,0,0,0,0,0,0,0,0.457063291139241,8.34699139240506,7.17690936708861,5.36084455696203,5.2379453164557,4.34616405063291,5.10387341772152,4.48023594936709,4.82557265822785,4.0343453164557,4.93729924050633,4.15622886075949,4.33499139240506,4.60313518987342,3.91144607594937,4.53609924050633,4.40202734177215,3.86675544303797,4.36850936708861,4.72603443037975,3.96730936708861,4.74736405063291,4.15724455696203,4.26795544303797,4.82557265822785,3.82206481012658,4.4355453164557,4.10138126582279,4.06786329113924,4.4355453164557,3.59962734177215,4.33499139240506,3.93379139240506,3.94597974683544,3.38734683544304
358,0,0,0,0,0,0,0,0,0,0,0,0,0,0,0,0,0,0,0,0,0,0,7.80417316455696,6.8958417721519,5.37623063291139,4.53458430379747,5.17718582278481,4.13548430379747,4.9660164556962,4.07991341772152,5.6985417721519,4.83264632911392,5.03371189873418,3.90208658227848,4.57904101265823,4.25672987341772,3.81317316455696,4.47901341772152,4.12437012658228,6.3856,8.11435974683544,7.46165443037975,7.49398658227848,7.97088582278481,7.41618734177215,7.67181341772152,4.14659848101266,3.62524253164557
359,4.33452911392405,2.72701493670886,0.0222283544303797,0,0,0,0,0,0,0,0,0,0,0,0,0,0,0,0,5.75411265822785,7.1838,5.1883,5.19941417721519,4.54468810126582,4.6780582278481,4.44567088607595,4.59015518987342,3.93542911392405,4.64471569620253,3.94654329113924,4.15771265822785,4.24561569620253,3.78084101265823,4.30118658227848,3.60301417721519,4.65582987341772,3.63635670886076,4.23551189873418,3.85762987341772,4.06879924050633,3.74648810126582,4.26885443037975,3.50298658227848,4.46789924050633,3.52521493670886,4.22338734177215,2.53908430379747,0
360,0,0,0,0,0,0,0,0,0,0,0,0,0,0,0,0,0,0,0,0,0,0,0,0,3.12454835443038,8.29913974683544,5.38565493670886,5.27456886075949,4.8524417721519,4.47676886075949,4.47676886075949,4.39900860759494,4.08897746835443,4.68682253164557,3.91123974683544,4.25560658227848,4.49797620253165,3.81227215189873,4.33235696202532,4.18794506329114,3.66786025316456,4.43233443037975,3.66786025316456,4.29903113924051,1.13004835443038,0,0,0
361,0,0,0,0,0,0,0,0,0,0,0,0,0,0,0,0,0,0,0,0,0,0,5.09257367088608,7.42440455696202,5.79937215189873,4.69487367088608,5.07143012658228,4.9818217721519,4.97175341772152,5.01504734177215,4.39685037974684,4.47437670886076,4.16427139240506,4.10990227848101,7.3680217721519,7.72242784810127,7.8321729113924,7.11429924050633,7.6227511392405,6.72767443037975,6.0319511392405,4.99390379746835,4.1864217721519,4.43007594936709,3.83302253164557,4.05452632911392,3.62360075949367,0
362,0,0,0,0,0,0,0,0,0,0,0,0,0,0,0,0,0,0,0,0,0,0,0,4.59353164556962,7.3155129113924,5.82750987341772,4.51722379746835,4.92386430379747,4.15375746835443,4.97908708860759,4.62766936708861,4.69293265822785,4.38468911392405,4.63770987341772,3.91077721518987,4.17584658227848,4.48308607594937,3.75715746835443,4.32946632911392,4.28528810126582,3.73506835443038,4.42886734177215,3.5252217721519,4.2300653164557,3.8334653164557,4.06540101265823,3.71297924050633,3.98808911392405
363,3.56553316455696,3.96293316455696,0,0,0,0,0,0,0,0,0,0,0,0,0,0,0,0,0,0,0,0,5.26580151898734,7.36246379746835,5.22153417721519,4.65813164556962,4.52633569620253,4.34926632911392,4.47100151898734,3.77479696202532,4.59273670886076,3.76373012658228,4.16213620253165,4.12792962025316,3.63193417721519,4.39353367088608,3.73153569620253,3.99613367088608,4.02832810126582,3.69833518987342,4.18426987341772,3.61986126582278,4.2949382278481,3.35526329113924,4.50420202531646,3.46593164556962,4.40460050632911,3.64300101265823
364,0,0,0,0,0,0,0,0,0,0,0,0,0,0,0,0,0,0,0,0,0,0,0,8.12944253164557,6.50032405063291,5.27192430379747,5.0498635443038,4.76219392405063,4.65217291139241,8.07291797468354,8.55034860759494,7.56419696202532,8.3060817721519,7.78625772151899,7.71863012658228,8.2404729113924,7.45316658227848,7.56419696202532,6.50133341772152,7.3754453164557,8.12944253164557,7.60860911392405,7.6419182278481,7.98510303797468,0.387596962025316,0,0,0
365,0,0,0,0,0,0,0,0,0,0,0,0,0,0,0,0,0,0,0,0,6.4032,7.36975898734177,5.66966886075949,5.25832405063291,4.88041367088608,5.21374481012658,4.32418632911392,4.95741417721519,4.06886886075949,4.51364810126582,4.6129382278481,5.25832405063291,5.40320658227848,6.23602784810127,4.84697924050633,4.43563443037975,8.10430329113924,7.94827594936709,7.69295848101266,8.03743443037975,7.21474481012658,8.03743443037975,7.17016556962025,7.76995898734177,7.3261929113924,7.5369311392405,7.42548303797468,7.43764101265823
366,6.88686860759494,3.53144379746835,1.43430329113924,0,0,0,0,0,0,0,0,0,0,0,0,0,0,0,0,1.95330784810127,8.1340888607595,5.9595,5.5622,4.25965949367089,4.97681113924051,4.12789670886076,4.20433924050633,4.52519670886076,3.82916734177215,4.4698764556962,4.18321696202532,4.59057518987342,8.10089670886076,7.23890658227848,7.80317316455696,7.51550784810127,7.31736075949367,7.89067974683544,6.78729215189873,7.76897518987342,6.69877974683544,7.7367888607595,6.73197189873418,6.61026734177215,3.26691240506329,4.18221113924051,3.15627189873418,4.19428101265823
367,0.133604050632911,0,0,0,0,0,0,0,0,0,0,0,0,0,0,0,0,0,0,0,0,0,0,1.1994,8.1619929113924,6.59720607594937,5.7631929113924,5.1528653164557,5.20853367088608,4.25407443037975,5.05266227848101,4.26419594936709,8.07393569620253,7.80773974683544,7.63972253164557,8.19640607594937,7.88466329113924,7.50713063291139,8.25207443037975,7.47372962025316,7.77433873417721,8.05166835443038,7.56279898734177,4.9190582278481,4.20953974683544,3.85326227848101,4.62047341772152,3.74192556962025
368,4.36658227848101,1.12303797468354,0,0,0,0,0,0,0,0,0,0,0,0,0,0,0,0,0,0,0,0,0,0,6.04354430379747,7.2779746835443,5.30025316455696,5.24455696202532,4.95493670886076,4.42227848101266,4.72303797468354,4.48810126582279,4.82227848101266,4.34430379746835,4.02227848101266,4.70075949367089,3.72151898734177,4.24506329113924,4.35544303797468,3.62227848101266,4.31088607594937,3.48860759493671,0,0,0,0,0,0
369,0,0,0,0,0,0,0,0,0,0,0,0,0,0,0,0,0,0,0,0,0,0,0,0,0,0,0,0,0,0,0,0,0,1.1976,8.1841053164557,9.66973569620253,8.8480911392405,8.79351696202532,8.48325265822785,8.07293569620253,7.96176607594937,8.21644556962025,5.7222035443038,3.40482227848101,0,0,0,0
370,0,0,0,0,0,0,0,0,0,0,0,0,0,0,0,0,0,0,0,0,0,0,0,0,0,0,0,0,0,0,0,0,0,0,3.74105670886076,11.8828789873418,10.7014926582278,8.89795012658228,8.8198,8.25143544303798,8.3519141772152,8.21895746835443,8.2737640506329,7.60593569620253,2.48355012658228,0,0,0
371,0,0,0,0,0,0,0,0,0,0,0,0,0,0,0,0,0,0,0,0,0,0,0,0,0,0,0,0,0,0,0,0,0,0,7.65725189873418,8.14474303797468,8.56750506329114,10.387,10.6974974683544,9.77713037974684,8.8112506329114,8.03450126582278,7.40136962025316,0.444001265822785,0,0,0,0
372,0,0,0,0,0,0,0,0,0,0,0,0,0,4.76852050632911,8.1225288607595,5.29248911392405,5.23663974683544,5.23562430379747,4.54613848101266,4.89138911392405,4.36742050632911,4.94723848101266,4.0993435443038,4.91372886075949,4.17854810126582,4.51262886075949,4.48927367088608,3.97749037974683,4.71368658227848,4.06684936708861,4.11051341772152,4.57964810126582,3.94398075949367,4.04450962025316,4.60198784810127,3.89930126582278,3.96632050632911,4.51262886075949,4.07700379746835,3.78861797468354,4.50145898734177,4.02216987341772,3.76526278481013,0,0,0,0,0
373,0,0,0,0,0,0,0,0,0,0,0,0,0,2.03188430379747,8.1051529113924,6.18519012658228,4.97847265822785,4.4880529113924,5.11379594936709,4.18586481012658,4.97949012658228,4.00780784810127,4.76683924050633,4.21944126582278,4.08615291139241,4.67831949367089,4.11871189873418,4.019,4.58878227848101,3.83992556962025,4.18688227848101,4.30897848101266,3.75140582278481,4.39851569620253,4.20824911392405,3.69544506329114,4.16449797468354,4.16449797468354,4.20824911392405,7.2677764556962,3.82873341772152,3.96405670886076,4.26420987341772,3.6171,4.3873235443038,3.6842529113924,4.20824911392405,3.57334886075949
374,0,0,0,0,0,0,0,0,0,0,0,0,0,0,0,0,0,0,0,0,0,4.05264227848101,8.0514929113924,5.31217873417722,5.23402860759494,4.28709265822785,5.04525037974684,4.15312101265823,4.83312860759494,5.2451929113924,8.18546455696202,7.91752126582278,7.47196405063291,8.30827189873418,7.49429265822785,7.66175721518987,8.02916430379747,7.30551443037975,7.97334278481013,7.5836070886076,7.46079974683544,8.02916430379747,7.14921417721519,7.77340025316456,7.42730683544304,7.47297898734177,7.8058782278481,4.87778582278481
375,3.24000101265823,0,0,0,0,0,0,0,0,0,0,0,0,0,0,0,0,0,0,0,0,0,3.07301164556962,8.25579139240506,5.48519341772152,5.10641265822785,5.12779544303797,4.18898936708861,5.16241518987342,5.1501964556962,4.61359037974684,4.48020253164557,4.7479964556962,4.39161670886076,4.7479964556962,4.3457964556962,4.32339544303798,4.33459594936709,4.32441367088608,4.43540050632911,4.21139037974684,4.39059848101266,3.7766070886076,4.69199392405063,3.65340151898734,4.44660101265823,3.83159139240506,3.18501670886076
376,0,0,0,0,0,0,0,0,0,0,0,0,0,0,0,0,0,0,0,0,0,0,0,0,0,0,0,0,0,0,0,0,0,0,0,6.15315240506329,7.64198278481013,7.8663270886076,8.90646886075949,8.79429670886076,7.76537215189873,8.48123443037975,7.73070075949367,7.92241316455696,2.77473113924051,0,0,0
377,0,0,0,0,0,0,0,0,0,0,0,0,0,0,0,0,0,0,0,0,0,0,0,0,0,0,0,0,0,0,0,0,0,0,0,0,4.57543392405063,8.23740860759494,6.77465316455696,9.46417012658228,8.50493620253165,8.80603189873418,8.37168101265823,7.94648506329114,8.52731493670886,4.62019139240506,0,0
378,0,0,0,0,0,0,0,0,0,0,0,0,0,0,0,0,0,0,0,0,0,0,0,0,0,0,0,0,0,0,0,0,0,0,0,0.836126329113924,8.43847544303797,9.4970946835443,10.9692053164557,9.97662278481013,9.70942810126583,2.59676658227848,0,0,0,0,0,0
379,0,0,0,0,0,0,0,0,0,0,0,0,0,0,0,0,0,0,0,0,0,0,0,0,0,0,0,0,0,0,0,0,0,0,0,5.03283037974683,8.27170025316456,6.25755341772152,8.8723929113924,8.45028455696202,8.27271493670886,8.13776202531646,8.21690734177215,7.72681518987342,8.40563848101266,7.44777721518987,2.6716617721519,0
380,0,0,0,0,0,0,0,0,0,0,0,0,0,0,0,0,0,0,0,0,0,0,0,0,0,0,0,0,0,0,0,0,0,4.70070379746835,8.36155493670886,5.45871772151899,5.35900582278481,4.53282151898734,4.87876075949367,6.90962759493671,8.64135873417722,7.49060202531646,8.31780379746836,7.6025235443038,8.09396075949367,5.13516278481013,1.99830784810127,0
381,0,0,0,0,0,0,0,0,0,0,0,0,0,0,0,0,0,0,0,5.34224202531646,7.36646683544304,5.07533367088608,4.3927817721519,4.93984202531646,3.85692759493671,4.81759392405063,3.75505417721519,4.4936364556962,3.97917569620253,4.4600182278481,4.71775797468354,4.48141164556962,4.024,4.27053367088608,4.48243037974684,3.5879817721519,4.14726683544304,3.90073316455696,3.61039392405063,4.25830886075949,3.42090936708861,3.94555746835443,3.73366075949367,3.45350886075949,4.08003037974684,3.1855817721519,4.16967898734177,3.40868455696203
382,3.79789316455696,3.69741443037975,3.56344278481013,3.93084987341772,3.31884303797468,0.367407088607595,0,0,0,0,0,0,0,0,0,0,0,0,0,0,0,0,0,0,0,0,0,0,0,0,0,0,7.50545696202532,7.26085721518987,4.90011443037975,4.22010683544304,4.74381417721519,4.23228607594937,3.81920683544304,2.3719070886076,0,0,0,0,0,0,0,0
383,0,0,0,0,0,0,0,0,0,0,0,0,0,0,0,0,0,0,0,0,0,0,0,0,0,0,0,0,0,0,0,0,0,0,0,5.53731443037975,7.38376151898734,5.77141392405063,4.63638607594937,4.81474759493671,4.15906632911392,4.26952886075949,4.23608607594937,3.96955721518987,4.2593946835443,3.75775291139241,0,0
384,0,0,0,0,0,0,0,0,0,0,0,0,0,0,0,0,0,0,0,0,0,0,0,0,0,0,0,0,0,0,0,0,0,0,0.111837974683544,8.46715139240506,7.45145924050633,5.38855696202532,5.24316759493671,4.47351898734177,4.60670784810126,4.40641620253164,4.42878379746835,4.1390217721519,4.42878379746835,3.10096202531646,0,0
385,0,0,0,0,0,0,0,0,0,0,0,0,0,0,3.07848101265823,7.37721518987342,5.24455696202532,4.73316455696203,4.33316455696203,4.38886075949367,4.24506329113924,4.02227848101266,4.35544303797468,3.81063291139241,4.37772151898734,3.70025316455696,4.24405063291139,3.80050632911392,3.96658227848101,3.94430379746835,3.57772151898734,4.3220253164557,3.33367088607595,4.11139240506329,3.5220253164557,4.06683544303798,3.85518987341772,3.56658227848101,4.15594936708861,2.21063291139241,0,0,0,0,0,0,0,0
386,0,0,0,0,0,0,0,0,0,0,0,0,0,0,0,0,0,0,0,0,0,0,0,0,0,0,0,0,0,0,0,0,0,0,0,8.01826734177215,7.37453873417721,5.25306835443038,5.86339594936709,8.81786734177215,7.68526936708861,8.52839189873418,7.31887037974683,8.29559696202532,2.23280708860759,0,0,0
387,0,0,0,0,0,0,0,0,0,0,0,0,0,0,6.04207088607595,6.31891493670886,5.14384329113924,4.7892,4.19004481012658,4.41232835443038,4.24662607594937,4.11224556962025,4.23551189873418,3.97988582278481,4.23450151898734,3.82529772151899,4.19004481012658,3.8141835443038,3.91320075949367,4.09102759493671,3.54744329113924,4.35675746835443,3.34738810126582,4.17994101265823,3.52521493670886,3.8141835443038,3.67980303797468,3.71415594936709,3.78084101265823,3.53632911392405,3.95765746835443,3.24837088607595,4.1678164556962,3.22614253164557,4.01322835443038,0.499127594936709,0,0
388,0,0,0,0,0,0,0,0,0,0,0,0,0,0,0,0,0,0,0,0,0,4.55089620253165,7.18075037974684,5.1701,4.46330151898734,4.72809924050633,3.99915037974684,4.60727898734177,4.59519696202532,4.34147443037975,4.70594886075949,4.86100151898734,4.66164810126582,3.81187898734177,4.53982101265823,4.17635341772152,4.52874582278481,4.38577518987342,3.71220227848101,4.47437670886076,3.46854810126582,4.26394810126582,3.64575113924051,3.84510455696203,3.94377443037975,3.6668946835443,4.36362481012658,3.51385569620253
389,3.9981435443038,1.79015341772152,0,0,0,0,0,0,0,0,0,0,0,0,0,0,0,0,4.19749696202532,7.10423088607595,4.55089620253165,4.67272329113924,4.19850379746835,4.60627215189873,3.80080379746835,4.50659544303797,3.977,4.27603012658228,3.92162405063291,4.10889544303797,3.95484962025316,3.94478126582278,3.96592481012658,7.53414962025316,7.6438946835443,7.20290075949367,7.75565341772152,6.84950151898734,7.78787215189873,6.80520075949367,5.5678,3.52392405063291,3.50177367088608,1.21525037974684,0,0,0,0
390,0,0,0,0,0,0,0,0,0,0,0,0,0,0,0,0,0,0,0,0,0,0,0,0,0,0,0,0,0,0,0,0,0,0,0,4.77174936708861,11.841382278481,9.16624936708861,8.7667493670886,8.533117721519,7.76850506329114,8.01225063291139,5.93687341772152,0,0,0,0,0
391,0,0,0,0,0,0,0,0,0,0,0,0,0,4.72488151898734,7.1874,5.1909,4.21539493670886,4.92402607594937,3.9151617721519,4.41453949367089,4.18203569620253,3.92628151898734,4.38118025316456,3.66041848101266,4.50349746835443,3.46026303797468,4.48125797468354,3.47138278481013,4.41453949367089,3.38343569620253,4.43576810126582,3.32783696202532,4.38118025316456,3.31671721518987,4.3144617721519,6.12293696202532,5.47900253164557,4.28110253164557,3.9151617721519,4.01523949367089,3.51687265822785,4.06982734177215,3.29447772151899,3.4279146835443,0.0212286075949367,0,0,0
392,0,0,0,0,0,0,0,0,0,0,0,0,0,0,0,0,0,0,0,0,0,0,0,0,0,0,0,0,0,0,0,0,0,0,0,0,7.83917949367089,7.20573088607595,4.8854470886076,4.60717493670886,6.7726382278481,8.20548683544304,7.30489696202532,4.74074556962025,0.455354430379747,0,0,0
393,0,0,0,0,0,0,0,0,0,0,0,0,0,0,0,0,0,0,0,0,0,0,0,0,0,0,0,0,0,0,0,0,0,0,0,8.34013164556962,7.31887037974683,5.33100405063291,4.68626329113924,7.75207139240506,8.01826734177215,7.96259898734177,7.61846734177215,7.77332658227848,4.22067341772152,0,0,0
394,0,0,0,0,0,0,0,0,0,0,0,0,0,0,0,0,0,0,0,0,0,0,0,0,0,0,0,0,0,0,0,0,0,1.64948734177215,8.3685,6.36490253164557,5.51241518987342,8.06886835443038,8.6237417721519,7.4605253164557,8.43508481012658,7.4605253164557,8.12536455696203,7.43833037974684,7.73796202531646,3.79634303797468,0,0
395,0,0,0,0,0,0,0,0,0,0,0,0,0,0,0,0,0,3.31173341772152,7.56419696202532,5.76954227848101,4.56334860759494,4.93984253164557,4.10812405063291,4.75109088607595,3.89918506329114,4.56233924050633,3.99810303797468,4.22016379746835,4.14143316455696,3.97589696202532,4.20906075949367,3.83155746835443,4.19795772151899,3.79824835443038,4.1868546835443,3.63170278481013,4.27567898734177,4.89442101265823,8.0406182278481,6.92223949367089,6.36809696202532,3.30063037974684,4.30797873417722,3.32182708860759,4.23126683544304,3.49947569620253,4.08692734177215,3.5883
396,4.07293569620253,1.34581316455696,0,0,0,0,0,0,0,0,0,0,0,0,0,0,0,0,0,0,0,0,0,2.06993569620253,8.23511898734177,5.3183453164557,5.16317620253165,4.81835594936709,7.32235949367089,8.7239524050633,8.37913215189874,7.57894632911392,8.86796556962025,8.68034278481013,7.7219453164557,8.0008440506329,7.27773569620253,7.70064759493671,3.3052035443038,4.29504050632911,3.49384050632911,3.97253215189873,3.75042734177215,2.84882379746836,0,0,0,0
397,0,0,0,0,0,0,0,0,0,0,0,0,0,0,0,0,0,0,0,0,0,0,0,0,0,0,0,0,0,0,0,0,0,0,0,5.91679696202532,7.37445569620253,9.5761488607595,8.41955037974683,8.51990379746835,7.75154126582278,8.074902278481,7.71910379746835,7.72924050632911,7.41905721518987,4.47130227848101,0,0
398,0,0,0,0,0,0,0,0,0,0,0,0,0,0,1.46412962025316,8.37627746835443,5.15883240506329,4.37115493670886,4.80392253164557,4.02736759493671,4.33778734177215,4.07185772151899,4.07185772151899,4.18207189873418,3.7391929113924,4.34890987341772,3.52786481012658,4.48238025316456,3.3064253164557,4.3934,3.37214936708861,4.29430835443038,3.47225215189873,4.01624506329114,3.63909012658228,5.50261974683544,4.80392253164557,4.43789012658228,3.57235493670886,4.33778734177215,3.31754784810127,4.27105215189873,3.23969012658228,4.01624506329114,1.87465215189873,0,0,0
399,0,0,0,0,0,0,0,0,0,0,0,0,0,0,0,0,0,0,0,0,0,0,0,0,0,0,0,0,0,0,0,0,0,0,0,2.09485898734177,8.35608075949367,5.48136151898734,5.04776734177215,4.75735063291139,5.55955063291139,8.29007696202532,7.50920126582278,7.9214711392405,7.34266860759494,7.18629037974684,3.66574936708861,4.04450962025316
400,3.72239341772152,4.00010860759494,3.69007746835443,3.95567417721519,3.56788278481013,4.12230329113924,3.32349341772152,4.30004101265823,3.34571063291139,4.05565164556962,3.53455696202532,3.75672911392405,3.85569670886076,3.4679053164557,4.2000635443038,3.29117746835443,4.05565164556962,3.54566556962025,3.67795898734177,3.97789139240506,3.32450329113924,4.43233443037975,3.38004632911392,4.08796759493671,3.50224101265823,3.90013113924051,3.62342582278481,3.73350202531646,3.89003240506329,3.68906759493671,3.85670658227848,3.63453443037975,3.92234835443038,3.52344835443038,4.07786886075949,3.35681924050633,1.09672253164557,0,0,0,0,0,0,0,0,0,0,0
401,0,0,0,0,0,0,0,0,0,0,0,0,0,0,0,0,0,0,0,0,0,0,0,0,0,0,0,0,0,0,0,0,0.43244253164557,8.4922417721519,8.41444253164557,8.76908582278481,7.76072683544304,8.33664329113924,7.23937088607595,8.29218658227848,7.03931569620253,8.03757088607595,7.05042987341772,7.95977164556962,6.96252683544304,6.75135746835443,3.49187240506329,3.92431493670886
402,3.83679949367089,3.49122405063291,4.2482470886076,3.29056734177215,4.01414759493671,3.64729037974684,3.49122405063291,4.18136151898734,3.23584278481013,3.84693367088608,3.80335670886076,3.39089569620253,4.06988556962025,3.25813797468354,0.322266835443038,0,0,0,0,0,0,0,0.556366329113924,7.29458075949367,4.42559518987342,4.11346253164557,3.91483265822785,4.01313417721519,4.37087063291139,4.29182405063291,4.66982886075949,4.89278075949367,5.04783367088608,5.0488470886076,4.03644278481013,3.78004810126582,3.95840962025317,3.43649949367089,3.91381924050633,3.14666202531646,3.99185240506329,2.98046151898734,4.04759037974684,3.03518607594937,4.06988556962025,3.19125240506329,2.01264759493671,0
403,0,0,0,0,0,0,0,0,0,0,0,0,0,0,0,0,0,0,0,0,0,0,4.09307772151899,7.29758658227848,5.1909,4.28211341772152,4.78048025316456,3.61593949367089,4.3923,3.72612607594937,4.15979620253165,3.53810126582279,4.43677898734177,3.58258025316456,4.25886303797468,3.71601721518987,3.93740126582279,3.61593949367089,3.85956303797468,3.57146050632911,3.72713696202532,3.5158617721519,3.8272146835443,3.38242481012658,3.89292227848101,1.1979,0,0
404,0,0,0,0,0,0,0,0,0,0,0,0,0,0,0,0,0,0,0,0,0,0,0,0,4.20743392405063,7.31520911392405,5.31619746835443,4.48462481012658,4.6505346835443,4.01825620253164,4.6404182278481,3.66316860759494,4.40672810126582,5.48311898734177,7.65916860759494,7.76943797468354,7.11490329113924,7.92624303797468,6.91459746835443,7.80383392405063,7.0481346835443,7.55901569620253,4.59590582278481,3.84020658227848,3.14115949367089,0,0,0
405,0,0,0,0,0,0,0,0,0,0,0,0,0,0,0,0,0,0,2.62081772151899,7.43846759493671,5.2406235443038,5.04026759493671,4.0415235443038,4.4412235443038,4.23074860759494,3.86342936708861,4.59604405063291,3.67521620253165,4.30765291139241,3.90896481012658,3.90795291139241,4.03039265822785,3.58616911392405,4.28539113924051,3.40908683544304,4.07390430379747,3.75313240506329,3.79664405063291,3.81991772151899,5.5735382278481,4.19634405063291,4.38556911392405,4.25301037974684,3.74098962025316,4.16396329113924,3.25325443037975,0.843923544303797,0
406,0,0,0,0,0,0,0,0,0,0,0,0,0,0,0,0,0,0,0,0,0,0,0,0,0,0,7.98769367088607,6.3187746835443,4.47241898734177,4.79484683544304,4.07191898734177,4.67216202531645,3.74949113924051,4.26050886075949,4.28281518987342,4.01615316455696,4.92868481012658,5.16188734177215,7.5202746835443,7.1319417721519,7.49796835443038,7.67641898734177,6.91901772151899,5.0402164556962,3.55988734177215,2.50337848101266,0,0
407,0,0,0,0,0,0,0,0,0,0,0,0,0,0,4.55580227848101,6.68568278481013,4.62248734177215,4.73362911392405,0.266740253164557,3.91320075949367,4.22338734177215,3.61412835443038,4.14659848101266,3.89097240506329,3.64747088607595,4.2789582278481,3.28171341772152,0,3.3039417721519,3.92431493670886,3.47065443037975,3.62524253164557,0.244511898734177,3.30293139240506,3.78084101265823,3.58078582278481,3.77983063291139,0,0,0,0,0,0,0,0,0,0,0
408,0,0,0,0,0,0,0,0,0,0,0,0,0,0,0,0,0,0,0,0,0,0,0,0,0,0,0,0,0,0,0,0,0,7.84273012658228,6.80181164556962,4.75228253164557,4.66444556962025,4.24242430379747,4.06574075949367,3.96578835443038,3.94357670886076,3.94357670886076,3.92136506329114,3.95468253164557,3.90016303797468,3.82141265822785,0.664330126582279,0
409,0,0,0,0,0,0,0,0,0,0,0,0,0,0,0,0,0,0,0,0,0,0,0,0,4.09615291139241,7.11490329113924,5.1948,5.11690329113924,4.62929012658228,4.78407189873418,5.50537518987342,4.36221569620253,4.19630582278481,4.04051240506329,3.92923139240506,3.89584708860759,3.8513346835443,3.86347443037975,3.78456607594937,3.6965529113924,3.78557772151899,3.72892556962025,3.71880911392405,3.68542481012658,3.5964,3.60752810126582,2.36421569620253,0
410,0,0,0,0,0,0,0,0,0,0,0,0,0,0,0,0,0,0,0,0,0,0,0,0,5.42747848101266,7.08151898734177,5.53977113924051,4.86095696202532,4.44011240506329,4.32883139240506,4.09615291139241,4.05164050632911,4.02938430379747,4.09615291139241,4.06276860759494,3.94035949367089,3.91810329113924,3.81795037974684,3.81896202531646,3.84020658227848,3.86246278481013,3.8412182278481,3.80682227848101,0,2.59689417721519,0,0,0
411,0,0,0,0,0,0,0,0,0,0,0,0,0,0,0,0,0,0,0,0,0,0,0,0,0,0,0,0,0,0,0,0,0,0,0,4.36677721518987,8.22445063291139,4.73244303797468,4.94254936708861,4.5112253164557,4.36677721518987,4.25667341772152,4.10010379746836,1.35255949367089,0,0,0,0
412,0,0,0,0,0,0,0,0,0,0,0,0,0,0,0,0,0,0,0,0,0,0,0,0,0,0,0,0,0,0,0,0,0,0,0,7.72446227848101,7.41248556962025,5.54568987341772,5.16787392405063,4.81234202531646,5.49099265822785,5.62267113924051,4.84576810126582,4.92376227848101,2.94554632911392,0,0,0
413,0,0,0,0,0,0,0,0,0,0,0,0,0,0,0,0,0,0,0,0,0,0,0,0,0,0,0,0,0,0,0,0,0,0,0,6.27933164556962,7.9710835443038,4.90900253164557,5.42791392405063,4.56541265822785,4.20167088607595,4.12408607594937,4.10091139240506,3.79258734177215,0,0,0,0
414,0,0,0,0,0,0,0,0,0,0,0,0,0,0,0,0,0,0,0,0,0,0,0,0,0,0,0,0,0,0,0,0,0,0,0,3.58766683544304,8.27899898734177,5.85033164556962,5.75173620253164,8.73173316455696,8.16833063291139,8.0033341772152,7.79306430379747,0.596603037974684,0,0,0,0
415,0,0,0,0,0,0,0,0,0,0,0,0,0,0,0,0,0,0,0,0,0,0,0,0,0,0,0,0,0,0,0,0,1.00274202531646,8.41612455696203,6.92267898734177,4.7708982278481,7.42455797468355,8.49435265822785,8.22614202531646,8.03717544303798,7.8918946835443,7.78115620253165,7.69175265822785,5.1721982278481,2.69734556962025,0,0,1.4871466835443
416,0,0,0,0,0,0,0,0,0,0,0,0,0,0,0,0,0,0,0,0,0,0,6.0207729113924,7.00989265822785,5.76463443037975,4.49912810126582,4.85448227848101,4.7988,4.72084481012658,4.7876635443038,4.65402607594937,4.47685518987342,4.36549063291139,4.22172911392405,4.18730734177215,4.28854784810127,4.09821569620253,3.999,4.03240936708861,6.99875620253165,4.36549063291139,4.57607088607595,4.53253746835443,2.51076455696203,0,0,0.875325417721519,0
417,0,0,0,0,0,0,0,0,0,0,0,0,0,0,0,0,0,0,0,2.57785949367089,8.28055063291139,5.68952329113924,4.56823037974683,4.95718835443038,4.86703924050633,4.25726658227848,4.11242025316456,4.03341316455696,3.97871594936709,4.23498253164557,4.27853772151899,4.24612455696202,4.18940151898734,3.97871594936709,3.84602455696203,3.82272759493671,3.79031443037975,3.82272759493671,3.95643189873418,4.03442607594937,4.11242025316456,4.01214202531646,4.01214202531646,0,0,0,0,0
418,0,0,0,0,0,0,0,0,0,0,0,0,0,0,0,0,0,0,0,0,0,0,0,0,0,0,0,0,0,0,0,0,0,0,1.73813012658228,8.33939088607595,6.88893037974684,4.77329696202532,4.95094556962025,6.29037569620253,8.00730911392405,7.81855746835443,7.7085364556962,7.65302126582278,0.154433164556962,0,0,0
419,0,0,0,0,0,0,0,0,0,0,0,0,0,0,0,0,0,0,0,0,0,0,0,0,0,0,0,0,0,0,0,0,0,0,0,8.0809746835443,8.2575253164557,6.9187670886076,4.80419493670886,5.61229240506329,4.51666962025316,4.33911012658228,0.076673417721519,0,0,0,0,0
420,0,0,0,0,0,0,0,0,0,0,0,0,0,0,0,0,0,0,0,0,0,0,0,0,0,0,0,0,0,0,0,0,0,0,0,1.30972455696203,8.4848693670886,7.28546936708861,5.75205924050633,5.30873670886076,4.7530653164557,4.23180708860759,4.20852759493671,0.810733670886076,0,0,0,0
421,0,0,0,0,0,0,0,0,0,0,0,0,0,0,0,0,0,0,0,0,0,0,0,0,0,0,0,0,0,0,0,0,0,0,0.775582784810127,8.39911721518987,7.10243974683544,5.81788075949367,4.52019341772152,4.7868,8.7101582278481,8.35468278481013,7.77804506329114,6.88127746835443,1.85008810126582,0,0,0
422,0,0,0,0,0,0,0,0,0,0,0,0,0,0,0,0,0,0,0,0,0,0,0,0,0,0,0,0,0,0,0,0,0,0,4.92008607594937,8.302582278481,5.91458227848101,4.48883544303797,4.82033417721519,4.56541265822785,4.26817215189873,3.86916455696202,3.82483037974683,3.75933670886076,3.71399493670886,0.0775848101265823,0,0
423,0,0,0,0,0,0,0,0,0,0,0,0,0,0,2.12033544303798,8.25894303797469,4.3725,4.27287341772152,4.36143037974684,4.18532278481013,4.01927848101266,3.79788607594937,3.87537341772152,3.78782278481013,3.89751265822785,4.30608227848101,4.27387974683544,4.10682911392405,3.96393037974684,3.84317088607595,3.55536075949367,3.55536075949367,3.55536075949367,3.90858227848101,3.85323417721519,3.82103164556962,3.75360759493671,3.41246202531646,3.4225253164557,3.46680379746835,1.26998734177215,0,0,0,0,0,0,0
424,0,0,0,0,0,0,0,0,0,0,0,0,0,0,0,0,0,6.32997443037975,7.08107367088608,4.48545189873418,5.0482729113924,4.83885113924051,4.18742860759494,3.93269924050633,3.85517291139241,3.95484962025316,3.75650303797468,3.84409772151899,3.98807518987342,3.96592481012658,4.1652782278481,4.25287291139241,3.79979696202532,4.14312784810127,4.04345113924051,3.67796987341772,5.6896270886076,5.3583782278481,3.82194734177215,3.85517291139241,4.04345113924051,0,0,0,0,0,0,0
425,0,0,0,0,0,0,0,0,0,0,0,0,0,0,0,0,0,0,0,0,0,0,0,0,0,0,0,0,0,0,0,0,0,0,7.24245949367088,7.13092784810127,4.48357215189873,4.91753164556962,4.43895949367089,4.20474303797468,4.005,3.96038734177215,3.86102278481013,3.79308987341772,1.90313544303797,0,0,0
426,0,0,0,0,0,0,0,0,0,0,0,0,0,0,0,0,0,0,0,0,0,0,0,0,0,0,0,0,0,0,0,0,0,0,7.62668075949367,7.03977949367089,4.47461620253164,4.7964,4.43009265822785,4.22973670886076,4.0860470886076,3.89682202531646,3.9302146835443,3.81991772151899,3.41920582278481,0,0,0
427,0,0,0,0,0,0,0,0,0,0,0,0,0,0,0,0,0,0,0,0,0,0,0,0,8.02844556962025,5.78916455696203,4.75294430379747,4.64339240506329,4.34488860759494,4.07955189873418,3.84939240506329,3.88155443037975,3.80416455696203,3.73883544303798,3.71672405063291,3.73783037974684,3.77200253164557,3.79310886075949,3.80416455696203,0,0,0,0,0,0,0,0,0
428,0,0,0,0,0,0,0,0,0,0,0,0,0,0,0,0,0,0,0,0,0,0,0,0,0,0,0,0,0,0,0,0,0,0,0,4.90283544303797,7.64105696202532,5.15643037974684,4.32822151898734,7.33211392405063,7.80609493670886,7.68533544303797,7.49715189873418,6.1718164556962,3.89751265822785,0.210322784810127,0,0
429,0,0,0,0,0,0,0,0,0,0,0,0,0,0,0,0,0,0,0,0,0,0,0,0,0,0,0,0,0,0,0,0,0,5.03719772151899,7.16967518987342,5.72285265822785,4.3747,4.08775189873418,3.95484962025316,3.77764658227848,3.73435265822785,3.88839848101266,3.88839848101266,3.91054886075949,3.91054886075949,3.73435265822785,3.42424734177215,3.45847974683544
430,3.98807518987342,4.11997063291139,3.46955493670886,2.17577139240506,0,0,0,0,0,0,0,0,0,0,1.9885,6.92702784810127,4.20857215189873,4.02130075949367,3.88839848101266,3.73435265822785,3.87732329113924,0,0,0,0,0,0,0,0,0,0,0,0,0,0,0,0,0,0,0,0,0,0,0,0,0,0,0
431,0,0,0,0,0,0,0,0,0,0,0,0,0,0,0,0,0,0,0,0,0,1.51213215189873,8.15826987341772,2.90353518987342,0,0,0,5.8724653164557,6.9207964556962,4.47100151898734,4.2064035443038,4.11686278481013,4.2828653164557,3.91967189873418,1.7545964556962,0,5.35433620253165,4.21646430379747,3.86333164556962,3.67620151898734,3.5766,3.53233265822785,3.68726835443038,2.46186784810127,0,0,0,0
432,0,0,0,0,0,0,0,0,0,0,0,0,0,0,0,0,0,0,0,0,0,0,0,0,0,0,0,0,0,0,0,0,0,1.77851848101266,8.37595594936709,5.63566784810127,4.43118987341772,4.05554582278481,3.978,0.596196455696202,0,0,0,0,0,0,0,0
433,0,0,0,0,0,0,0,0,0,0,0,0,0,0,0,0,0,0,0,0,0,0,0,0,0,0,0,0,0,0,0,0,0,0,6.96957569620253,7.07929316455696,8.04057924050633,0.187224303797468,0,0,0,4.60612050632911,6.94642430379747,4.85977924050633,0.883779240506329,0,0,0
434,0,0,0,0,0,0,0,0,0,0,0,0,0,0.630221518987342,0,0,0,0,0,0,0,0,0,0,0,0,0,0,0,0,0,0,0,0,6.49481088607595,7.11394050632911,5.0780729113924,4.75741620253164,4.27038101265823,4.16047037974683,4.20382962025316,0.122010886075949,0,0,0,0,0,0
435,0,0,0,0,0,0,0,0,0,0,0,0,0,0,0,0,0,0,0,0,0,0,0,0,0,0,0,0,0,0,0,0,0,0,2.96246278481013,8.26920506329114,5.82457113924051,4.33832202531646,4.18477974683544,4.06234734177215,3.90980860759494,3.95296101265823,3.98507443037975,3.89876962025316,3.90880506329114,2.74168303797468,0,0
436,0,0,0,0,0,0,0,0,0,0,0,0,0,0,0,0,0,0,0,0,0,0,0,0,0,0,0,0,0,0,0,0,7.81641797468354,5.87612962025316,5.01701696202532,4.38800582278481,4.1448417721519,3.94689417721519,3.969,3.87052860759494,3.70373012658228,3.59420582278481,3.48367670886076,3.51784025316456,3.64846556962025,3.88158151898734,3.81425924050633,0.529534936708861
437,0,0,0,0,0,0,0,0,0,0,0,0,0,0,0,0,0,0,0,0,0,7.13674151898734,5.73533037974684,4.32386607594937,4.13687721518987,3.98205848101266,3.90464911392405,3.86041518987342,3.71766025316456,3.7066017721519,3.82723974683544,3.8382982278481,3.80612810126582,3.74983037974684,3.73977721518987,3.7066017721519,3.66136253164557,3.60707544303798,3.51860759493671,3.42008658227848,3.46331518987342,3.46331518987342,3.59601696202532,3.64025088607595,1.25765088607595,0,0,0
438,0,0,0,0,0,0,0,0,0,0,0,0,0,0,0,0,0,0,0,0,0,0,0,0,0,0,0,0,6.83916784810127,7.0703906329114,4.52191341772152,5.23970936708861,4.73202455696203,3.87247898734177,3.72771341772152,3.7066017721519,3.59601696202532,3.72771341772152,1.26870936708861,0,0,0,0,0,0,0,0,0
439,0,0,0,0,0,0,0,0,0,0,0,0,0,0,0,0,0,0,0,0,0,0,0,0,0,0,0,0,0,0,0,0,0,0,6.49736025316456,7.08144911392405,5.39352278481013,5.94644683544304,5.41563974683544,4.66567367088608,4.11476025316456,3.86041518987342,0.242281265822785,0,0,0,0,0
440,0,0,0,0,0,0,0,0,0,0,0,0,0,0,0,0,0,0,0,0,0,0,0,0,0,0,0,0,0,0,0,0,0,0,0,3.18063341772152,8.23293569620253,5.83266582278481,4.54476506329114,4.47956759493671,4.44646734177215,4.20373215189873,4.09440101265823,4.05026734177215,3.99510025316456,3.97303341772152,3.97303341772152,3.75236506329114
441,3.65960101265823,0.429950379746835,0,0,0,0,0,0,0,0,0,0,0,0,0,0,0,0,0,0,0,0,5.89674936708861,6.01830075949367,5.01474835443038,4.46425113924051,2.01715037974684,0,0,0,0,0,0,0,0,0,0,0,0,6.63509873417722,5.47784911392405,4.45320101265823,4.2100982278481,3.93585417721519,3.76909772151899,0.407850126582279,0,0
442,0,0,0,0,0,0,0,0,0,0,0,0,0,0,0,0,0,0,0,4.77887797468354,4.94345924050633,0,0,0,0,0,0,4.03023392405063,8.33543898734177,5.83661367088608,4.37143898734177,4.42563037974684,4.40455594936709,4.26205265822785,4.05130835443038,3.70006784810127,3.99711696202532,3.71110683544304,3.98507443037975,3.97503898734177,3.964,3.85461367088608,3.46824911392405,3.51240506329114,3.06081012658228,0,0,0
443,0,0,0,0,0,0,0,0,0,0,0,0,0,0,0,0,0,0,0,0,0,0,0,0,0,0.661669367088608,8.44908607594937,5.88373670886076,5.40882075949367,4.39573367088608,3.9218217721519,3.8334653164557,3.91077721518987,4.12062379746835,3.99913367088608,4.06540101265823,3.58044455696202,3.44790987341772,3.59148911392405,3.89973265822785,3.84450987341772,3.72402379746835,3.3053346835443,3.37059797468354,1.21188911392405,0,0,0
444,0,0,0,0,0,0,0,0,0,0,0,0,0,0,0,0,0,0,0,0,0,0,0,0,0,0,0,0,0,0,0,0.528467594936709,8.51564860759494,6.14005139240506,5.45715493670886,4.19164050632911,4.01615316455696,4.14852075949367,4.13648734177215,4.20367392405063,3.89481620253164,3.52077746835443,3.7082982278481,4.22473240506329,0,0,0,0
445,0,0,0,0,0,0,0,0,0,0,0,0,0,0,0,0,0,0,0,0,0,0,0,0.596302784810127,8.40656202531646,5.85945417721519,3.4310035443038,0.198097215189873,6.94044151898734,4.85489012658228,3.58586126582278,0,0,0,0,0,0,6.01330632911392,7.0721711392405,5.42806481012658,0.408261265822785,0,0,0,0,0,0,0
446,0,0,0,0,0,0,0,0,0,0,0,0,0,0,0,0,0,0,0,0,0,0,0,0,0,0,0,0,0,0,0,0,0,0,0,2.54591012658228,8.4070270886076,5.71951012658228,5.43227924050633,4.47417341772152,4.30846329113924,4.3857946835443,3.71391544303797,4.52840582278481,3.43873620253165,4.7383053164557,3.64763139240506,3.5923946835443
447,3.13412481012658,0,0,0,0,0,0,0,0,0,0,0,0,0,0,0,0,0,0,0,0,0,0,0,0,0,0,0,0,0,0,0,0,0,0,3.07899949367089,8.32492506329114,5.64182556962025,5.37722405063291,4.99234911392405,3.86077670886076,5.20082303797468,5.4002764556962,5.02542430379747,4.03617544303798,0,0,0
448,0,0,0,0,0,0,0,0,0,0,0,0,0,0,0,0,0,0,0,0,0,0,0,0,0,0,0,0,0,0,0,0,0,0,0,3.38413265822785,8.45081721518988,5.80179949367089,5.10974987341772,4.84635037974684,3.97803341772152,4.42871696202532,3.86786632911392,4.03311696202532,4.13226734177215,3.36209924050633,1.27493367088608,0
449,0,0,0,0,0,0,0,0,0,0,0,0,0,0,0,0,0,0,0,0,0,0,0,0,0,0,0,0,0,0,0,0,0,0,0,6.61403240506329,7.12056658227848,5.4916329113924,3.83060202531646,5.10646632911392,3.69719797468354,4.46853417721519,3.81856556962025,3.02716860759494,0,0,0,0
450,0,0,0,0,0,0,0,0,0,0,0,0,0,0,0,0,0,0,0,0,0,0,0,0,0,0,0,0,0,0,0,0,0,0,0,4.66731037974684,7.68420683544304,5.0305017721519,5.31744303797468,4.45762253164557,4.15061544303797,4.5128035443038,3.63291721518987,4.39240860759494,3.72120683544304,3.73123974683544,4.40344481012658,2.88446202531646
451,0,0,0,0,0,0,0,0,0,0,0,0,0,0,0,0,0,0,0,0,0,0,0,0,5.4916329113924,7.05436607594937,5.07336607594937,4.07233417721519,4.90786481012658,4.50163443037975,3.92889974683544,4.68819949367089,4.29199949367089,4.12750126582278,5.51369974683544,5.4916329113924,3.76440151898734,3.92889974683544,4.1816653164557,3.99510025316456,3.46649924050633,3.51163594936709,3.63099746835443,3.55476658227848,3.5658,3.67613417721519,0.68206582278481,0
452,0,0,0,0,0,0,0,0,0,0,0,0,0,0,0,0,0,0,0,0,0,0.540860253164557,8.38333392405063,7.02615670886076,5.50410759493671,5.31711873417722,4.32386607594937,3.95994151898734,4.95319417721519,3.971,4.42339240506329,5.07383215189873,3.68347949367089,4.83155088607595,3.58495848101266,4.44550936708861,3.62919240506329,3.45225670886076,3.76189417721519,3.87147367088608,3.8382982278481,1.3240017721519,0,0,0,0,0,0
453,0,0,0,0,0,0,0,0,0,0,0,0,0,0,0,0,0,0,0,0,0,0,0,0,0,0,0,0,0,0,0,0,0,0,4.30499898734177,8.3454,5.67426835443038,5.4197311392405,4.02933417721519,4.66919848101266,1.35820253164557,0,0,0,0,0,0,0
454,0,0,0,0,0,0,0,0,0,0,0,0,0,0,0,0,0,0,0,0,0,0,0,0,0,0,0,0,0,0,0,0,0,3.55588253164557,8.3748,6.08195240506329,5.26214075949367,5.53877670886076,5.41661265822785,4.55338734177215,4.46454075949367,1.74967189873418,0,0,0,0,0,0
455,0,0,0,0,0,0,0,0,0,0,0,0,0,0,0,0,0,0,0,0,0,0,0,0,0,0,0,0,0,0,0,0,0,0,7.30262658227848,7.84166582278481,5.65037594936709,4.70279113924051,5.02199873417721,4.92362658227848,4.02020886075949,1.53079113924051,0,0,0,0,0,0
456,0,0,0,0,0,0,0,0,0,0,0,0,0,0,0,0,0,0,0,0,0,0,0,0,0,0,0,0,0,0,0,0,0,0,3.27220101265823,8.36072962025316,6.94100202531645,5.14475544303797,4.5393129113924,5.24315240506329,4.68188810126582,4.1427129113924,4.10957924050633,0,0,0,0,0
457,0,0,0,0,0,0,0,0,0,0,0,0,0,0,0,0,0,0,0.573607594936709,8.45819620253165,6.9668164556962,5.07994936708861,4.48218987341772,5.12322151898734,4.90283544303797,3.68819620253165,5.03466455696203,4.03034810126582,4.35036075949367,4.1631835443038,4.40570886075949,3.65398101265823,4.7156582278481,3.69825949367089,4.1631835443038,4.41677848101266,3.35610759493671,4.35036075949367,3.93072151898734,3.45674050632911,3.84216455696203,3.90858227848101,3.88644303797468,3.9206582278481,3.60970253164557,0.276740506329114,0,0
458,0,0,0,0,0,0,0,0,0,0,0,0,0,0,0,0,0,0,0,0,0,3.39354253164557,7.86771594936709,4.92611012658228,5.1791946835443,4.98034253164557,4.25423088607595,4.80358506329114,4.25423088607595,4.3416053164557,4.60573721518987,3.58134734177215,4.50731544303798,4.05537873417722,3.48192126582278,4.25322658227848,4.19899417721519,3.61348506329114,3.5703,3.5703,2.29282556962025,0,0,0,0,0,0,0
459,0,0,0,0,0,0,0,0,0,0,0,0,0,0,0,3.32736607594937,8.10620050632911,5.7548217721519,5.49155544303797,5.60166683544304,5.21727797468354,4.15119949367089,1.25226683544304,0,0,0,0,8.0621559493671,7.01809974683544,5.10716658227848,4.17422278481013,5.1402,4.10715493670886,4.32737772151899,4.20725620253165,4.10715493670886,4.10815594936709,4.08613367088608,3.92096658227848,4.37142227848101,3.32736607594937,4.26131088607595,4.10815594936709,2.42745569620253,0,0,0,0
460,0,0,0,0,0,0,0,0,0,0,0,0,0,0,0,0,0,0,0,0,0,0,0,0,2.70514962025316,8.4021005063291,5.39927417721519,4.31079974683544,5.30105088607595,3.71644860759494,5.10360202531646,3.58515012658228,4.54132379746835,3.58515012658228,4.33284987341772,3.65130050632911,4.08027569620253,3.6502982278481,3.71745088607595,1.41822405063291,0,0,0,0,0,0,0,0
461,0,0,0,0,0,0,0,0,0,0,0,0,0,0,0,0,0,0,0,0,0,0,0,0,0,0,0,0,0,0,0,0,0,0,3.26890075949367,8.34226683544304,5.64610075949367,4.66613265822785,4.39130025316456,4.40233367088608,0,0,0,0,0,0,0,0
462,0,0,0,0,0,0,0,0,0,0,0,0,0,0,0,0,0,0,0,0,0,0,0,0,0,0,0,0,0,0,0,0,0,0,0,0,0,3.00980506329114,8.2724582278481,8.1082506329114,6.96480506329114,5.59206962025316,5.15251392405063,0.0220278481012658,0,0,0,0
463,0,0,0,0,0,0,0,0,0,0,0,0,0,0,0,0,0,0,0,0,0,0,0,0,0,0,0,0,0,0,0,0,0,0,6.85105518987342,7.02587797468354,5.56835544303797,4.08785620253165,4.26467696202532,4.32961113924051,2.32364455696203,0,0,0,0,0,0,0
464,0,0,0,0,0,0,0,0,0,0,0,0,0,0,0,0,0,0,0,0,0,0,0,0,0,0,0,0,0,0,0,0,0,0,4.7292,7.36717569620253,5.1781746835443,5.22207443037975,4.13755113924051,3.87515037974684,4.3899746835443,4.36802481012658,3.57982481012658,3.52495012658228,4.19242582278481,2.73675012658228,0,0
465,0,0,0,0,0,0,0,0,0,0,0,0,0,0,0,0,0,0,0,0,0,0,0,0,0,0,0,0,6.16543873417721,1.84253341772152,0,0,0,0,7.02022227848101,6.62632202531646,4.55184734177215,4.20093620253165,4.40988329113924,4.14694987341772,3.74005291139241,0.285927594936709,0,0,0,0,0,0
466,0,0,0,0,0,0,0,0,0,0,0,0,0,0,0,0,0,0,0,0,0,0,0,0,0,0,0,0,0,0,0,0,0,0,0,0,0,1.20477873417722,8.37451088607595,5.74417721518987,5.39253367088608,3.88006683544304,4.18775493670886,4.35158886075949,3.38656708860759,4.01193316455696,4.20873367088608,3.36558835443038
467,3.3824217721519,0.0220222784810127,0,0,0,0,0,0,0,0,0,0,0,0,0,0,0,0,0,0,0,0,0,0,0,0,0,0,0,0,0,0,0,0,0,0.406411139240506,8.4685670886076,5.67774379746835,4.14118936708861,4.11816607594937,4.42647797468354,3.97602227848101,0.296299746835443,0,0,0,0,0
468,0,0,0,0,0,0,0,0,0,0,0,0,0,0,0,0,0,0,0,0,0,0,0,0,0,0,0,0,0,0,0,0,0,2.90652759493671,0,0,0,0,0,0,0,0,0,0,0,0,0,0
469,0,0,0,0,0,0,0,0,0,0,0,0,0,0,0,0,0,0,0,0,0,0,0,0,0,0,0,0,0,0,0,0,0,0,0,0,0,0,0,0,0,0,0,0,0,0,0,0
470,0,0,0,0,0,0,0,0,0,0,0,0,0,0,0,0,0,0,0,0,0,0,0,0,0,0,0,0,0,0,0,0,0,0,0,0,0,0,7.47611088607595,8.2236217721519,5.77266784810127,5.17846683544304,0,0,0,0,0,0
471,0,0,0,0,0,0,0,0,0,0,0,0,0,0,0,0,0,0,0,0,0,0,0,0,0,0,0,0,0,0,0,0,0,0,0,0,0,0,0,0,0,0,0,0,0,0,0,0
472,0,0,0,0,0,0,0,0,0,0,0,0,0,0,0,0,0,0,0,4.80370936708861,8.19155696202532,3.00106582278481,0,0,0,0,0,0,0,0,0,0,0,0,0,0,1.01204556962025,8.49817670886076,7.09133316455696,5.4530217721519,4.36482227848101,4.4419782278481,4.4419782278481,3.77062126582278,4.54117873417722,3.37482126582278,3.09024607594937,0
473,0,0,0,0,0,0,0,0,0,0,0,0,0,0,0,0,0,0,0,0,0,0,0,0,1.27554227848101,8.35119189873418,5.60055316455696,4.20367392405063,4.62083240506329,4.74216936708861,4.11542886075949,0,0,0,0,0,0.846350379746835,7.0315270886076,5.17136126582278,3.46562430379747,3.37737924050633,0,0,0,0,0,0,0
474,0,0,0,0,0,0,0,0,0,0,0,0,0,0,0,0,0,0,0,0,0,0,0,0,0,0,0,0,0,0,0,0,0,0,0,0,0,6.51194202531646,6.93926632911392,5.39209215189873,4.46839113924051,4.5134253164557,4.07409189873418,4.1831746835443,4.22720810126582,3.03130050632911,0,0
475,0,0,0,0,0,0,0,0,0,0,0,0,0,0,0,0,0,0,0,0,0,0,0,0,6.85005620253165,6.85105518987342,6.39052202531646,1.56741113924051,0,0,0,0,0,0,0,0,0,0,0,0,0,0,0,0,0,0,0,0
476,0,0,0,0,0,0,0,0,0,0,0,0,0,0,0,0,0,0,0,0,0,0,0,0,0,0,0,0,0,0,0,0,7.0974,8.17049493670886,5.7507906329114,5.72783139240506,5.18080253164557,5.14786101265823,3.71240936708861,4.63377367088608,3.93201949367089,4.32631949367089,3.95398050632911,3.38399240506329,0,0,0,0
477,0,0,0,0,0,0,0,0,0,0,0,0,0,0,0,0,0,0,0,0,0,0,0,0,0,0,0,0,0,0,0,0,0,0,0,0,0,0,0,0,0,0,0,0,0,0,0,0
478,0,0,0,0,0,0,0,0,0,0,0,0,0,0,0,0,0,0,0,0,0,0,0,0,0,0,0,0,0,0,0,0,4.55813569620253,8.36486481012658,5.96553215189873,5.15846582278481,5.23499797468354,0.0208724050632911,0,0,0,0,0,0,0,0,0,0
479,0,0,0,0,0,0,0,0,0,0,0,0,0,0,0,0,0,0,0,0,0,0,0,0,0,0,0,0,1.60402784810127,8.48172278481013,5.72323544303798,5.42786202531646,4.27340253164557,4.7129582278481,3.4603746835443,0,0,2.75748607594937,5.39482025316456,4.85513797468354,3.77977848101266,3.73472151898734,4.23034810126582,4.13022151898734,3.89993037974684,0.439555696202532,0,0
480,0,0,0,0,0,0,0,0,0,0,0,0,0,0,0,0,0,0,0,0,0,0,0,0,0,0,0,0,0,0,0,4.63920683544304,7.08954151898734,5.49572202531646,4.79247797468354,3.89088303797468,2.98928810126582,0,0,0,0,0,0,0,0,0,0,0
481,0,0,0,0,0,0,0,0,0,0,0,0,0,0,0,0,0,0,0,0,0,0,0,0,0,0,0,0,0,0,0,0,0,0,0,0,0,0,0,0,0,0,0,0,0,0,0,0
482,0,0,0,0,0,0,0,0,0,0,0,0,0,0,0,0,0,0,0,0,0,0,0,0,0,0,0,0,0,0,0,0,0,0,2.68936101265823,5.67487189873418,6.98253367088608,5.42274430379747,3.81993316455696,2.28415594936709,0,0,0,0,0,0,0,0
483,0,0,0,0,0,0,0,0,0,0,0,0,0,0,0,0,0,0,0,0,0,0,0,0,0,0,0,0,0,0,0,0,0,0,1.4638017721519,7.12236379746836,0,0,0,0,0,0,0,0,0,0,0,0
484,0,0,0,0,0,0,0,0,0,0,0,0,0,0,0,0,0,0,0,0,0,0,0,0,0,0,0,0,0,4.26993265822785,8.34226683544304,5.75543189873418,4.40233367088608,4.88680101265823,1.99203341772152,0,0,0,0,0,0,0,0,0,0,0,0,0
485,0,0,0,0,0,0,0,0,0,0,0,0,0,0,0,0,0,0,0,0,0,0,0,0,0,0,0,0,0,0,0,0,0,0,0,0,0,0,0,0,0,0,0,0,0,0,0,0
486,0,0,0,0,0,0,0,0,0,0,0,0,0,0,0,0,0,0,0,0,0,0,0,0,0,3.76871012658228,8.2593,6.91610582278481,4.63197873417722,4.75245797468354,4.43582658227848,3.5177946835443,0,0,0,0,0,0,0,0,0,0,0,0,0,0,0,0
487,0,0,0,0,0,0,0,0,0,0,0,0,0,0,0,0,0,0,0,0,2.88280886075949,1.17310835443038,1.08617443037975,1.5788,2.5980253164557,3.17958329113924,1.89655848101266,0,0,0,0,0,0.252807848101266,8.35365063291139,5.76761620253165,0.80039164556962,0,0,0,0,5.54778329113924,5.73364202531646,4.17782455696203,1.9185417721519,0,0,0,0
488,0,0,0,0,0,0,0,0,0,0,0,0,0,0,0,0,0,0,0,0,0,0,0,0,4.56269772151899,8.06860151898734,5.25785113924051,0,0,0,0,0,0,0,0,0,0,0,0,0,0,0,0,0,0,0,0,0
489,0,0,0,0,0,0,0,0,0,0,0,0,0,0,0,0,0,0,0,0,0,0,0,0,0,0,0,0,0,0,0,0,0,0,0,0,0,0,0,0,0,0,0,0,0,0,0,0
490,0,0,0,0,0,0,0,0,0,0,0,0,0,0,0,0,0,0,0,0,0,0,0,0,0,0,0,0,0,0,0,0,0,0,0,0,0,0.839489620253164,8.4925346835443,6.7481275949367,0,0,0,0,0,0,0,0
491,0,0,0,0,0,0,0,0,0,0,0,0,0,0,0,0,0,0,0,0,0,0,0,0,0,0,0,0,0,0,0,0,0,0,0,0,0,0,0,0,0,0,0,0,0,0,0,0
492,0,0,0,0,0,0,0,0,0,0,0,0,0,0,0,0,0,0,0,0,0,0,0,0,0,0,0,0,0,0,0,0,0,0,6.43794303797468,8.38800860759494,5.8613053164557,2.50448607594937,0,0,0,0,0,0,0,0,0,0
493,0,0,0,0,0,0,0,0,0,0,0,0,0,0,0,0,0,0,0,0,0,0,0,0,0,0,0,0,0,0,0,0,0,0,0,0,0,0,0,0,0,0,0,0,0,0,0,0
494,0,0,0,0,0,0,0,0,0,0,0,0,0,0,0,0,0,0,0,3.00813569620253,8.26233265822785,5.21102278481013,0,0,0,0,0,0,0,0,0,0,0,0,0,0,0,0.782155443037975,8.44908607594937,7.08357721518987,2.94186835443038,0,0,0,0,0,0,0
495,0,0,0,0,0,0,0,0,0,0,0,0,0,0,0,0,0,0,0,0,0,0,0,0,0,0,0,0,0,0,0,0,0,0,0,0,8.20978632911392,6.79583392405063,0,0,0,0,0,0,0,0,0,0
496,0,0,0,0,0,0,0,0,0,0,0,0,0,0,0,0,0,0,0,0,0,0,0,0,0,0,0,0,0,0,0,0,0,0,0,0,0,0,0,0,0,0,0,0,0,0,0,0
497,0,0,0,0,0,0,0,0,0,0,0,0,0,0,0,0,0,0,0,0,0,0,0,0,0,0,0,0,0,0,0,0,0,0,0,0,0,0,0,0,0,0,0,0,0,0,0,0
498,0,0,0,0,0,0,0,0,0,0,0,0,0,0,0,0,0,0,0,0,0,0,0,0,0,0,0,0,0,0,0,0,0,0,0,6.13498025316456,8.3412,6.25564860759494,4.45769012658228,0,0,0,0,0,0,0,0,0
499,0,0,0,0,0,0,0,0,0,0,0,0,0,0,0,0,0,0,0,0,0,0,0,0,0,0,0,0,0,0,0,0,0,0,0,0,0,0,0,1.03726430379747,8.42286784810127,7.07573215189873,5.58573367088607,3.99613367088608,4.75773316455696,1.61173367088608,0,0
500,0,0,0,0,0,0,0,0,0,0,0,0,0,0,0,0,0,0,0,0,0,0,0,0,0,4.95800202531646,7.10566632911392,5.58553367088608,3.9218217721519,4.91281974683544,4.04331189873418,3.58044455696202,4.38468911392405,4.0543564556962,3.42582075949367,3.63566734177215,3.80033164556962,3.7019346835443,3.67984556962025,3.64671189873418,3.63566734177215,0,0,0,0,0,0,0
501,0,0,0,0,0,0,0,0,0,0,0,0,0,0,0,0,0,0,0,0,0,0,0,0,0,0,0,0,0,0,0,0,0,0,0,0,0,0.428405316455696,8.42162582278481,7.06718278481013,4.21683265822785,4.20479316455696,0,0,0,0,0,0
502,0,0,0,0,0,0,0,0,0,0,0,0,0,0,0,0,0,0,0,0,0,0,0,0,0,0,0,0,0,0,0,0,0,0,0,0,0,0,0,0,0,0,0,0,0,0,0,0
503,0,0,0,0,0,0,0,0,0,0,0,0,0,0,0,0,0,0,0,0,0,0,0,0,0,0,0,0,0,0,0,0,0,0,0,0,0,0,0,0,0,0,0,0,0,0,0,0
504,0,0,0,0,0,0,0,0,0,0,0,0,0,0,0,0,0,0,0,0,0,0,0,0,0,0,0,0,0,0,0,0,0,0,0,0,3.63377721518987,3.85222278481013,1.30269367088608,0,0,0,0,0,0,0,0,0
505,0,0,0,0,0,0,0,0,0,0,0,0,0,0,0,0,0,0,0,0,0,0,0,0,0,0,0,0,0,0,0,0,0,0,0,0,0,0,0,0,0,0,0,0,0,0,0,0
506,0,0,0,0,0,0,0,0,0,0,0,0,0,0,0,0,0,0,0,0,0,0,0,0,0,0,0,0,0,0,0,0,0,0,0,0,0,0,0,0,0,0,0,0,0,0,0,0
507,0,0,0,0,0,0,0,0,0,0,0,0,0,0,0,0,0,0,0,0,0,0,0,0,0,0,0,0,0,0,0,0,0,0,0,0,0,0,0,0,0,0,0,0,0,0,0,0
508,0,0,0,0,0,0,0,0,0,0,0,0,0,0,0,0,0,0,0,0,0,0,0,0,0,0,0,0,0,0,0,0,0,0,0,0,0,0,0,0,0,0,0,0,0,0,0,0
509,0,0,0,0,0,0,0,0,0,0,0,0,0,0,0,0,0,0,0,0,0,0,0,0,0,0,0,0,0,0,0,0,0,0,0,0,0,0,0,0,0,0,0,0,0,0,0,0
510,0,0,0,0,0,0,0,0,0,0,0,0,0,0,0,0,0,0,0,0,0,0,0,0,0,0,0,0,0,0,0,0,0,0,0,0,0,0,0,0,0,0,0,0,0,0,0,0
511,0,0,0,0,0,0,0,0,0,0,0,0,0,0,0,0,0,0,0,0,0,0,0,0,0,0,0,0,0,0,0,0,0,0,0,0,3.20755037974684,1.64245063291139,2.30344911392405,0.583647594936709,0,0,0,0,0,0,0,0
512,0,0,0,0,0,0,0,0,0,0,0,0,0,0,0,0,0,0,0,0,0,0,0,0,0,0,0,0,0,0,0,0,0,0,0,0,0,0,0,0,0,0,0,0,0,0,0,0
513,0,0,0,0,0,0,0,0,0,0,0,0,0,0,0,0,0,0,0,0,0,0,0,0,0,0,0,0,0,0,0,0,0,0,0,0,0,0,0,0,0,0,0,0,0,0,0,0
514,0,0,0,0,0,0,0,0,0,0,0,0,0,0,0,0,0,2.74981670886076,3.01241721518987,1.47875037974684,1.81923240506329,0,0,0,0,0,0,0,0,0,0,0,0,0,0,0,0,0,0,0,0,0,0,0,0,0,0,0
515,0,0,0,0,0,0,0,0,0,0,0,0,0,0,0,0,0,0,0,0,0,0,0,0,0,0,0,0,0,0,0,2.93702278481013,2.25771139240506,0,0,0,0,0,0,0,0,0,0,0,0,0,0,0
516,0,0,0,0,0,0,0,0,0,0,0,0,0,0,0,0,0,0,0,0,0,0,0,0,0,0,0,0,0,0,0,0,0,0,0,0,0,0,0,0,0,0,0,0,0,0,0,0
517,0,0,0,0,0,0,0,0,0,0,0,0,0,0,0,0,0,0,0,0,0,0,0,0,0,0,0,0,0,0,0,0,0,0,0,0,0,0,0,0,0,0,0,0,0,0,0,0
518,0,0,0,0,0,0,0,0,0,0,0,0,0,0,0,0,0,0,0,0,0,0,0,0,0,0,0,0,0,0,0,0,0,0,0,0,0,0,2.05771443037975,3.24601443037975,0,0,0,0,0,0,0,0
519,0,0,0,0,0,0,0,0,0,0,0,0,0,0,0,0,0,0,0,0,0,0,0,0,0,0,0,0,0,0,0,0,0,0,0,0,0,0,0,0,0,0,0,0,0,0,0,0
520,0,0,0,0,0,0,0,0,0,0,0,0,0,0,0,0,0,0,0,0,0,0,0,0,0,0,0,0,0,0,0,0,0,0,0,0,0,0,0,0,0,0,0,0,0,0,0,0
521,0,0,0,0,0,0,0,0,0,0,0,0,0,0,0,0,0,0,0,0,0,0,0,0,0,0,0,0,0,0,0,0,0,0,0,0,0,0,0,0,0,0,0,0,0,0,0,0
522,0,0,0,0,0,0,0,0,0,0,0,0,0,0,0,0,0,0,0,0,0,0,0,0,0,0,0,0,0,0,0,0,0.858600506329114,3.60993367088608,1.93686632911392,1.1334329113924,0.572734683544304,0,0,0,0,0,0,0,0,0,0,0
523,0,0,0,0,0,0,0,0,0,0,0,0,0,0,0,0,0,0,0,0,0,0,0,0,0,0,0,0,0,0,0,0,0,0,0,0,0,0,0,0,0,0,0,0,0,0,0,0
524,0,0,0,0,0,0,0,0,0,0,0,0,0,0,0,0,0,0,0,0,0,0,0,0,0,0,0,0,0,0,0,0,0,0,0,0,0,0,4.58339544303797,1.94859898734177,0.587304303797468,0,0,0,0,0,0,0
525,0,0,0,0,0,0,0,0,0,0,0,0,0,0,0,0,0,0,0,0,0,0,0,0,0,0,0,0,0,0,0,0,0,0,0,0,0,0,0,3.80657113924051,1.00178202531646,0,0,0,0,0,0,0
526,0,0,0,0,0,0,0,0,0,0,0,0,0,1.99153291139241,0,0,0,0,0,0,0,0,0,0,0,0,0,0,0,0,0,0,0,0,0,0,0,0,0,0,0,0,0,0,0,0,0,0
527,0,0,0,0,0,0,0,0,0,0,0,0,0,0,0,0,0,0,0,0,0,0,0,0,0,0,0,0,0,0,0,0,0,0,0,0,0,0,0,0,0,0,0,0,0,0,0,0
528,0,0,0,0,0,0,0,0,0,0,0,0,0,0,0,0,0,0,0,0,0,0,0,0,0,0,0,0,0,0,0,0,0,0,0,0,0,0,0,0,0,0,0,0,0,0,0,0
529,0,0,0,0,0,0,0,0,0,0,0,0,0,0,0,0,0,0,0,0,0,0,0,0,0,0,2.16528405063291,3.31903392405063,2.02206683544304,1.79071594936709,0,0,0,0,0,0,0,0,0,0,0,0,0,0,0,0,0,0
530,0,0,0,0,0,0,0,0,0,0,0,0,0,0,0,0,0,0,0,0,0,0,0,0,0,0,0,0,0,0,0,0,0,0,0,0,0,0,0,0,0,0,0,0,0,0,0,0
531,0,0,0,0,0,0,0,0,0,0,0,0,0,0,0,0,0,0,0,0,0,0,0,0,0,0,0,0,0,0,0,0,0,0,0,0,0,0,0,0,0,0,0,0,0,0,0,0
532,0,0,0,0,0,0,0,0,0,0,0,0,0,0,0,0,0,0,0,0,0,0,0,0,0,0,0,0,0,0,0,0,0,0,0,0,0,0,3.80176607594937,2.25241620253165,1.03356759493671,0,0,0,0,0,0,0
533,0,0,0,0,0,0,0,0,0,0,0,0,0,0,0,0,0,0,0,0,0,0,0,0,0,0,0,0,0,0,0,0,0,0,0,0,0,0,0,0,0,0,0,0,0,0,0,0
534,0,0,0,0,0,0,0,0,0,0,0,0,0,0,0,0,0,0,0,0,0,0,0,0,0,0,0,0,0,0,0,0,0,0,0,0,0,0,0,0,0,0,0,0,0,0,0,0
535,0,0,0,0,0,0,0,0,0,0,0,0,0,0,0,0,0,0,0,0,0,0,0,0,0,0,0,0,0,0,0,0,0,0,0,0,0,0,0,0,0,0,0,0,0,0,0,0
536,0,0,0,0,0,0,0,0,0,0,0,0,0,0,0,0,0,3.05976666666667,2.82644666666667,0.63242,0,0,0,0,0,0,0,0,0,0,0,0,0,0,1.79595,2.88170666666667,1.1973,1.10929333333333,0.542366666666667,0.54339,0.54339,0.0777733333333333,0.431846666666667,0.532133333333333,0.499386666666667,0,0.54339,0
537,0,0,0,0,0,0,0,0,0,0,0,0,0,0,1.17801948717949,1.13431384615385,0.528533333333333,0.528533333333333,0.528533333333333,0,0,0,0,0,0,0,0,0,0,0,0,0,0,0,1.23290564102564,0.572238974358974,0,0,0,0,0,0,0,0,0,0,0,0
538,0,0,0,0,0,0,0,0,0,0,0,0,0,0,0,0,0,0,0,0,0,0,0,0,0,0,0,0,0,0,0,0,0,0,0,0,0,0,0,0,0,0,0,0,0,0,0,0
539,0,0,0,0,0,0,0,0,0,0,0,0,0,0,0,0,0,0,0,0,0,0,0,0,0,0,0,0,0,0,0,0,0,0,0,0,0,0,0,0,0,0,0,0,0,0,0,0
540,0,0,0,0,0,0,0,0,0,0,0,0,0,0,0,0,0,0,0,0,0,0,0,0,0,0,0,0,0,0,0,0,0,0,0,0,0,0,0,0,0,0,0,0,0,0,0,0
541,0,0,0,0,0,0,0,0,0,0,0,0,0,0,0,0,0,0,0,0,0,0,0,0,0,0,0,0,0,0,0,0,0,2.87295794871795,1.62848358974359,0,0,0,0,0,0,0,0,0,0,0,0,0
542,0,0,0,0,0,0,0,0,0,0,0,0,0,0,0,0,0,0,0,0,0,0,0,0,0,0,0,0,0,0,0,0,0,0,0,0,0,0,0,0,0,0,0,0,0,0,0,0
543,0,0,0,0,0,0,0,0,0,0,0,0,0,0,0,0,0,0,0,0,0,0,0,0,0,0,0,0,0,0,0,0,0,0,0,0,0,0,0,0,0,0,0,0,0,0,0,0
544,0,0,0,0,0,0,0,0,0,0,0,0,0,0,0,0,0,0,0,0,0,0,0,0,0,0,0,0,0,0,0,0,0,0,0,0,0,0,0,0,0,0,0,0,0,0,0,0
545,0,0,0,0,0,0,0,0,0,0,0,0,0,0,0,0,0,0,0,0,0,0,0,0,0,0,0,0,0,0,0,0,0,0,0,0,0,0,0,0,0,0,0,0,0,0,0,0
546,0,0,0,0,0,0,0,0,0,0,0,0,0,0,0,0,0,0,0,0,0,0,0,0,0,0,0,0,0,0,0,0,0,0,0,0,0,0,0,0,0,0,0,0,0,0,0,0
547,0,0,0,0,0,0,0,0,0,0,0,0,0,0,0,0,0,0,0,0,0,0,0,0,0,0,0,0,0,0,0,0,0,0,0,2.5636,0,0,0,0,0,0,0,0,0,0,0,0
548,0,0,0,0,0,0,0,0,0,0,0,0,0,0,0,0,0,0,0,0,0,0,0,0,0,0,0,0,0,0,0,0,3.40294153846154,2.7748,0,0,0,0,0,0,0,0,0,0,0,0,0,0
549,0,0,0,0,0,0,0,0,0,0,0,0,0,0,0,0,0,0,0,0,0,0,0,0,0,0,0,0,0,0,0,0,0,0,0,0,0,0,0,0,0,0,0,0,0,0,0,0
550,0,0,0,0,0,0,0,0,0,0,0,0,0,0,0,0,0,0,0,0,0,0,0,0,0,0,0,0,0,0,0,0,0,0,0,0,0,0,0,0,0,0,0,0,0,0,0,0
551,0,0,0,0,0,0,0,0,0,0,0,0,0,0,0,0,0,0,0,0,0,0,0,0,0,0,0,0,0,0,0,0,0,0,0,0,0,0,0,0,0,0,0,0,0,0,0,0
552,0,0,0,0,0,0,0,0,0,0,0,0,0,0,0,0,0,0,0,0,0,0,0,0,0,0,0,0,0,0,0,0,0,0,0,0,0,0,0,0,0,0,0,0,0,0,0,0
553,0,0,0,0,0,0,0,0,0,0,0,0,0,0,0,0,0,0,0,0,0,0,0,0,0,0,0,0,0,0,0,0,0,0,0,0,0,0,0,0,0,0,0,0,0,0,0,0
554,0,0,0,0,0,0,0,0,0,0,0,0,0,2.68530358974359,2.53151076923077,0,0,0,0,0,0,0,0,0,0,0,0,0,0,0,0,0,0,0,0,0,0,0,0,0,0,0,0,0,0,0,0,0
555,0,0,0,0,0,0,0,0,0,0,0,0,0,0,0,0,0,0,0,0,0,0,0,0,0,0,0,0,0,0,0,1.87390564102564,1.1720758974359,0,0,0,0,0,0,0,0,0,0,0,0,0,0,0
556,0,0,0,0,0,0,0,0,0,0,0,0,0,0,0,0,0,0,0,0,0,0,0,0,0,0,0,0,0,0,2.91525384615385,0,0,0,0,0,0,0,0,0,0,0,0,0,0,0,0,0
557,0,0,0,0,0,0,0,0,0,0,0,0,0,0,0,0,0,0,0,0,0,0,0,0,0,0,0,0,0,0,0,0,0,0,0,0,0,0,0,0,0,0,0,0,0,0,0,0
558,0,0,0,0,0,0,0,0,0,0,0,0,0,0,0,0,0,0,0,0,0,0,0,0,0,0,0,0,0,0,0,0,0,0,0,0,0,0,0,0,0,0,0,0,0,0,0,0
559,0,0,0,0,0,0,0,0,0,0,0,0,0,0,0,0,0,0,0,0,0,0,0,0,0,0,0,0,0,0,0,0,0,0,0,0,0,0,0,0,0,0,0,0,0,0,0,0
560,0,0,0,0,0,0,0,0,0,0,0,0,0,0,0,0,0,0,0,0,0,0,0,0,0,0,0,0,0,0,0,0,0,0,0,0,0,0,0,0,0,0,0,0,0,0,0,0
561,0,0,0,0,0,0,0,0,0,0,0,0,0,0,0,0,0,0,0,0,0,0,0,0,0,0,0,0,0,0,0,0,0,0,0,0,0,2.48252307692308,3.61426153846154,0.252511538461538,0,0,0,0,0,0,0,0
562,0,0,0,0,0,0,0,0,0,0,0,0,0,0,0,0,0,0,0,0,0,0,0,0,0,0,0,0,0,0,0,0,0,0,0,0,0,0,0,0,0,0,0,0,0,0,0,0
563,0,0,0,0,0,0,0,0,0,0,0,0,0,0,0,0,0,0,0,0,0,2.05875,1.97233333333333,0,0,2.35663333333333,5.79296666666667,0.660833333333333,0,0,0,0,0,0,0,0,0,0,0,0,0,0,0,0,0,0,0,0
564,0,0,0,0,0,0,0,0,0,0,0,0,0,0,0,0,0,0,0,0,0,0,0,0,0,0,0,0,0,0,0,0,0,0,0,0,0,0,0,0,0,0,0,0,0,0,0,0
565,0,0,0,0,0,0,0,0,0,0,0,0,0,0,0,0,0,0,0,0,0,0,0,0,0,0,0,0,0,0,0,0,0,0,0,0,0,0,0,0,0,0,0,0,0,0,0,0
566,0,0,0,0,0,0,0,0,0,0,0,0,0,0,0,0,0,0,0,0,0,0,0,0,0,0,0,0,0,0,0,0,0,2.997,0,0,0,0,0,0,0,0,0,0,0,0,0,0
567,0,0,0,0,0,0,0,0,0,0,0,0,0,0,0,0,0,0,0,0,0,0,0,0,0,0,0,0,0,0,0,0,0,0,0,0,0,0,0,0,0,0,0,0,0,0,0,0
568,0,0,0,0,0,0,0,0,0,0,0,0,0,0,0,0,0,0,0,0,0,0,0,0,0,0,0,0,0,0,0,0,0,0,0,0,0,0,0,0,0,0,0,0,0,0,0,0
569,0,0,0,0,0,0,0,0,0,0,0,0,0,0,0,0,0,0,0,0,0,0,0,0,0,0,0,0,0,0,0,0,2.97075,2.86106076923077,0.077188717948718,0,0,0,0,0,0,0,0,0,0,0,0,0
570,0,0,0,0,0,0,0,0,0,0,0,0,0,0,0,0,0,0,0,0,0,0,0,0,0,0,0,0,0,0,0,0,0,0,0,0,0,0,0,0,0,0,0,0,0,0,0,0
571,0,0,0,0,0,0,0,0,0,0,0,0,0,0,0,0,0,0,0,0,0,0,4.41632692307692,1.93246153846154,1.15886538461538,0,0,0,0,0,0,0,0,0,0,0,0,0,0,0,0,0,0,0,0,0,0,0
572,0,0,0,0,0,0,0,0,0,0,0,0,0,0,0,0,0,0,0,0,0,0,0,0,0,0,0,0,0,0,0,0,0,0,0,1.73196692307692,0,0,0,0,0,0,0,0,0,0,0,0
573,0,0,0,0,0,0,0,0,0,0,0,0,0,0,0,0,0,0,0,0,0,0,0,0,0,0,0,0,0,0,0,0,0,0,0,0,0,0,0,1.78515,5.17947794871795,0,0,0,0,0,0,0
574,0,0,0,0,0,0,0,0,0,0,0,0,0,0,0,0,0,0,0,0,0,0,0,0,0,0,0,0,0,0,0,0,0,0,0,0,0,0,0,0,0,0,0,0,0,0,0,0
575,0,0,0,0,0,0,0,0,0,0,0,0,0,0,0,0,0,0,0,0,0,0,0,0,0,0,0,0,0,0,0,0,3.06084512820513,6.6363,0,0,2.46888923076923,7.4520441025641,1.94396666666667,0,0,0,0,0,0,0,0,0
576,0,0,0,0,0,0,0,0,0,0,0,0,0,0,0,0,0,0,0,0,0,0,0,0,0,0,0,0,0,0,0,0,0,0,0,0,0,0,0,0,0,0,0,0,0,0,0,0
577,0,0,0,0,0,0,0,0,0,0,0,0,0,0,0,0,0,0,0,0,0,0,0,0,0,0,0,0,0,0,0,0,5.11976615384615,4.75038358974359,0,0,0,0,0,0,0,0,0,0,0,0,0,0
578,0,0,0,0,0,0,0,0,0,0,0,0,0,0,0,0,0,0,0,0,7.22272512820513,0,0,0,0,0,0,0,0,0,0,0,5.44185,3.72815820512821,0,0,0,0,0,0,0,0,0,0,0,0,0,0
579,0,0,0,0,0,0,0,0,0,0,0,0,0,0,0,0,0,0,0,0,0,0,0,0,0,0,0,0,0,0,0,0,0,0,0,0,0,0,0,0,0,0,0,0,0,0,0,0
580,0,0,0,0,0,0,0,0,0,0,0,0,0,0,0,0,0,0,0,0,0,0,0,0,0,0,0,0,0,0,0,0,0,0,0,0,0,0,0,0,0,0,0,0,0,0,0,0
581,0,0,0,0,0,0,0,0,0,0,0,0,0,0,0,0,0,0,0,0,0,0,0,0,0,0,0,0,0,0,0,0,0,0,0,0,0,0,0,0,0,0,0,0,0,0,0,0
582,0,0,0,0,0,0,0,0,0,0,0,0,0,0,0,0,0,0,0,0,0,0,0,0,0,0,0,0,0,0,0,0,0,0,0,0,0,0,0,0,0,0,0,0,0,0,0,0
583,0,0,0,0,0,0,0,0,0,0,0,0,0,0,0,0,0,0,0,0,0,0,0,0,0,0,0,0,0,0,0,0,0,2.90746615384615,7.34628461538462,0,0,0,0,0,0,0,0,0,0,0,0,0
584,0,0,0,0,0,0,0,0,0,0,0,0,0,0,0,0,0,0,0,0,0,0,0,0,0,0,0,0,0,0,0,0,0,0,0,0,0,0,0,0,0,3.89897179487179,0,0,0,0,0,0
585,0,0,0,0,0,0,0,0,0,0,0,0,0,0,0,0,0,0,0,0,0,0,0,0,0,0,0,0,0,0,0,0,0,0,0,0,0,0,0,0,0,0,0,0,0,0,0,0
586,0,0,0,0,0,0,0,0,0,0,0,0,0,0,0,0,0,0,0,0,0,0,0,0,0,0,0,0,0,0,0,0,0,0,0,0,0,0,0,0,0,0,0,0,0,0,0,0
587,0,0,0,0,0,0,0,0,0,0,0,0,0,0,0,0,0,0,0,0,0,0,0,0,0,0,0,0,0,0,0,0,0,0,0,0,0,0,0,0,0,0,0,0,0,0,0,0
588,0,0,0,0,0,0,0,0,0,0,0,0,0,0,0,0,0,0,0,0,0,0,0,0,0,0,0,0,0,0,0,0,0,0,0,0,0,0,0,0,0,0,0,0,0,0,0,0
589,0,0,0,0,0,0,0,0,0,0,0,0,0,0,0,0,0,0,0,0,0,0,0,0,0,0,0,0,0,0,0,0,0,0,0,0,0,0,0,0,0,0,0,0,0,0,0,0
590,0,0,0,0,0,0,0,0,0,0,0,0,0,0,0,0,0,0,0,0,0,0,0,0,0,0,0,0,0,0,0,0,0,0,3.48081230769231,4.5172,4.76798769230769,7.21241230769231,0.261866666666667,0,0,0,0,0,0,0,0,0
591,0,0,0,0,0,0,0,0,0,0,0,0,0,0,0,0,0,0,0,0,0,0,0,0,0,0,0,0,0,0,0,0,0,0,0,0,0,0,0,0,0,0,0,0,0,0,0,0
592,0,0,0,0,0,0,0,0,0,0,0,0,0,0,0,0,0,0,0,0,0,0,0,0,0,0,0,0,0,0,0,0,0,0,0,0,3.66146564102564,0,0,0,0,0,0,0,0,0,0,0
593,0,0,0,0,0,0,0,0,0,0,0,0,0,0,0,0,0,0,0,0,0,0,0,0,0,0,0,0,0,0,0,0,0,1.74142769230769,7.26403897435897,0.580475897435897,0,0,0,0,0,0,0,0,0,0,0,0
594,0,0,0,0,0,0,0,0,0,0,0,0,0,0,0,0,0,0,0,0,0,0,0,0,0,0,0,0,0,0,0,0,0,0,0,0,0,0,0,0,0,0,0,0,0,0,0,0
595,0,0,0,0,0,0,0,0,0,0,0,0,0,0,0,0,0,0,0,0,0,0,0,0,0,0,0,0,0,0,0,0,0,0,0,4.16086256410256,8.32273333333334,1.78049025641026,0,0,0,0,0,0,0,0,0,0
596,0,0,0,0,0,0,0,0,0,0,0,0,0,0,0,0,0,0,0,0,0,0,0,0,0,0,0,0,0,0,0,0,0,0,0,0,0,0,0,0,0,0,0,0,0,0,0,0
597,0,0,0,0,0,0,0,0,0,0,0,0,0,0,0,0,0,0,0,0,0,0,0,0,0,0,0,0,0,0,0,0,0,0,0,0,0,0,0,0,0,0,0,0,0,0,0,0
598,0,0,0,0,0,0,0,0,0,0,0,0,0,0,0,0,0,0,0,3.72197333333333,0,0,0,0,0,0,0,0,0,0,0,0,1.51493333333333,0,0,0,0,0,0,0,0,0,0,0,0,0,0,0
599,0,0,0,0,0,0,0,0,0,0,0,0,0,0,0,0,0,0,0,0,0,0,0,0,0,0,0,0,0,0,0,0,0,0,0,0,0,0,0,0,0,0,0,0,0,0,0,0
600,0,0,0,0,0,0,0,0,0,0,0,0,0,0,0,0,0,0,0,0,0,0,0,0,0,0,0,0,0,0,0,0,0,0,0,0,0,0,0,0,0,0,0,0,0,0,0,0
601,0,0,0,0,0,0,0,0,0,0,0,0,0,0,0,0,0,0,0,0,0,0,0,0,0,0,0,0,0,0,0,0,0,0,0,0,0,0,0,0,0,0,0,0,0,0,0,0
602,0,0,0,0,0,0,0,0,0,0,0,0,0,0,0,0,0,0,0,0,0,0,0,0,0,0,0,0,0,0,0,0,0,0,0,0,0,0,0,0,0,0,0,0,0,0,0,0
603,0,0,0,0,0,0,0,0,0,0,0,0,0,0,0,0,0,0,0,0,0,0,0,0,0,0,0,0,0,0,0,0,0,0,0,0,0,0.58827641025641,4.19685,0,0,0,0,0,0,0,0,0
604,0,0,0,0,0,0,0,0,0,0,0,0,0,0,0,0,0,0,0,0,0,0,0,0,0,0,0,0,0,0,0,0,1.74592384615385,1.76747846153846,1.21219051282051,2.0015,0,0,0,0,0,0,0,0,0,0,0,0
605,0,0,0,0,0,0,0,0,0,0,0,0,0,0,0,0,0,2.93406666666667,1.64451358974359,0.255448461538462,0,0,0,0,0,0,0,0,0,0,0,0,0,0,0,0,0,0,0,0,0,0,0,0,0,0,0,0
606,0,0,0,0,0,0,0,0,0,0,0,0,0,0,0,0,0,0,0,0,0,0,0,0,0,0,0,0,0,0,0,0,0,0,0,0,0,0,0,0,0,0,0,0,0,0,0,0
607,0,0,0,0,0,0,0,0,0,0,0,0,0,0,0,0,0,0,0,0,0,0,0,0,0,0,0,0,0,0,0,0,0,0,0,0,0,0,0,0,0,0,0,0,0,0,0,0
608,0,0,0,0,0,0,0,0,0,0,0,0,0,0,0,0,0,0,0,0,0,0,0,0,0,0,0,0,0,0,0,0,0,0,0,0,0,0,0,0,0,0,0,0,0,0,0,0
609,0,0,0,0,0,0,0,0,0,0,0,0,0,0,0,0,0,0,0,0,0,0,0,0,0,0,0,0,0,0,0,0,0,0,0,0,2.13173333333333,3.3646541025641,0,0,0,0,0,0,0,0,0,0
610,0,0,0,0,0,0,0,0,0,0,0,0,0,0,0,0,0,0,0,0,0,0,0,0,0,0,0,0,0,0,0,0,0,0,0,0,0,0,0,0,0,0,0,0,0,0,0,0
611,0,0,0,0,0,0,0,0,0,0,0,0,0,0,0,0,0,0,0,0,0,0,0,0,0,0,0,0,0,0,0,0,0,0,0,0,0,0,0,0,0,0,0,0,0,0,0,0
612,0,0,0,0,0,0,0,0,0,0,0,0,0,0,0,0,0,0,1.08678,3.45886666666667,2.11727666666667,0.553623333333333,0,0,0,0,0,0,0,0.809456666666667,0,0,0,0,0,0,0,0,0,0,0,0,0,0,0,0,0,0
613,0,0,0,0,0,0,0,0,0,0,0,0,0,0,0,0,0,0,0,0,0,0,0,0,0,0,0,0,0,0,0,0,0,0,0,0,0,0,0,0,0,0,0,0,0,0,0,0
614,0,0,0,0,0,0,0,0,0,0,0,0,2.91410329113924,0,0,0,0,0,0,0,0,0,0,0,0,0,0,0,0,0,0,0,0,0,0,0,0,0,0,0,0,0,0,0,0,0,0,0
615,0,0,0,0,0,0,0,0,0,0,0,0,0,0,0,0,0,0,0,0,0,0,0,0,0,0,0,0,0,0,0,0,0,0,0,0,0,0,0,0,0,0,0,0,0,0,0,0
617,0,0,0,0,0,0,0,0,0,0,0,0,0,0,0,0,0,0,0,0,0,0,0,0,0,0,0,0,0,0,0,0,0,0,0,0,0,0,0,0,0,0,0,0,0,0,0,0
618,0,0,0,0,0,0,0,0,0,0,0,0,0,0,0,0,0,0,0,0,0,0,0,0,0,0,0,0,0,0,0,0,0,0,0,0,0,0,0,0,0,0,0,0,0,0,0,0
619,0,0,0,0,0,0,0,0,0,0,0,0,0,0,0,0,0,0,0,0,0,0,0,0,0,0,0,0,0,0,0,0,0,0,0,0,0,0,0,0,0,0,0,0,0,0,0,0
620,0,0,0,0,0,0,0,0,0,0,0,0,0,0,0,0,0,0,0,0,3.10033537212804,3.02354996728601,0.277225227871211,0,0,0,0,0,0,0,0,0,0,0,0,0,0,0,0,0,0,0,0,0,0,0,0,0
621,0,0,0,0,0,0,0,0,0,0,0,0,0,0,0,0,0,0,0,0,0,0,0,0,0,0,0,0,0,0,0,0,0,0,0,0,0,0,0,0,0,0,0,0,0,0,0,0
622,0,0,0,0,0,0,0,0,0,0,0,0,0,0,0,0,0,0,0,0,0,0,0,0,0,0,0,0,0,0,0,0,0,0,0,0,0,0,0,0,0,0,0,0,0,0,0,0
623,0,0,0,0,0,0,0,0,0,0,0,0,0,0,0,0,0,0,0,0,0,0,0,0,0,0,0,0,0,0,0,0,0,0,0,0,0,0,0,0,0,0,0,0,0,0,0,0
624,0,0,0,0,0,0,0,0,0,0,0,0,0,0,0,0,0,0,0,0,0,0,0,0,0,0,0,0,0,0,0,0,0,0,0,0,0,0,0,0,0,0,0,0,0,0,0,0
625,0,0,0,0,0,0,0,0,0,0,0,0,0,0,0,0,0,0,0,0,0,0,0,0,0,0,0,0,0,0,0,0,0,1.87470718065762,3.64019838980713,0.144285320157508,0,0,0,0,0,0,0,0,0,0,0,0
626,0,0,0,0,0,0,0,0,0,0,0,0,0,0,0,0,0,0,0,0,0,0,0,0,0,0,0,0,0,0,0,0,2.44978054224875,8.3900980662637,6.35061573574779,4.51127887436984,5.02064909332598,1.5181033834115,0,0,0,0,0,0,0,0,0,0
627,0,0,0,0,0,0,0,0,0,0,0,0,0,0,0,0,0,0,0,0,0,0,0,0,0,0,0,0,0,0,0,0,0,0,0,0,0,0,0,0,0,0,0,0,0,0,0,0
628,0,0,0,0,0,0,0,0,0,0,0,0,0,0,0,0,0,0,0,0,0,0,0,0,0,0,0,0,0,0,0,0,0,0,0,0,0,0,0,0,0,0,0,0,0,0,0,0
629,0,0,0,0,0,0,0,0,0,0,0,0,0,0,0,0,0,0,0,0,0,0,0,0,0,0,0,0,0,0,0,0,0,0,0,0,0,0,0,0,0,0,0,0,0,0,0,0
633,0,0,0,0,0,0,0,0,0,0,0,0,0,0,0,0,0,0,0,0,0,0,0,0,3.66223019237039,1.84809761480775,0,0,0,0,0,0,0,0,7.31317016375382,6.272990635485,4.27141794781912,3.35191121237919,0,0,0,0,0,0,0,0,0,0
634,0,0,0,0,0,0,0,0,0,0,0,0,0,0,0,0,0,0,0,0,0,0,0,0,0,0,0,0,0,0,0,0,0,0,0,0,0,0,0,0,0,0,0,0,0,0,0,0
635,0,0,0,0,0,0,0,0,0,0,0,0,0,0,0,0,0,0,0,0,0,0,0,0,0,0,0,0,0,0,0,0,0,0,0,0,0,0,0,0,0,0,0,0,0,0,0,0
636,0,0,0,0,0,0,0,0,0,0,0,0,0,0,0,0,0,0,0,0,0,0,0,0,0,0,0,0,0,0,0,0,0,0,0,0,0,0,0,0,0,0,0,0,0,0,0,0
637,0,0,0,0,0,0,0,0,0,0,0,0,0,0,0,0,0,0,0,0,0,0,0,0,0,0,0,0,0,0,0,0,0,0,0,0,0,0,0,0,0,0,0,0,0,0,0,0
638,0,0,0,0,0,0,0,0,0,0,0,0,0,0,0,0,0,0,0,0,0,0,0,0,0,0,0,0,0,0,0,0.285814527503526,8.53360517831956,5.15163258110014,0,0,0,0,0,0,0,0,0,0,0,0,0,0
639,0,0,0,0,0,0,0,0,0,0,0,0,0,0,0,0,0,0,0,0,0,0,0,0,0,0,0,0,0,0,0,0,0,0,0,1.63986248236953,2.66963630868426,0.666910638726577,0,0,0,0,0,0,0,0,0,0
640,0,0,0,0,0,0,0,0,0,0,0,0,0,0,0,0,0,0,0,0,0,0,0,0,0,0,0,0,0,0,0,8.32646433608704,7.17822687890389,4.95046695547048,4.30514356236147,4.74233024380415,3.4964975821076,4.51328027402781,3.44172476324804,0.130458895829136,0,0,0,0,0,0,0,0
641,0,0,0,0,0,0,0,0,0,0,0,0,0,0,0,0,0,0,0,0,0,0,0,0,0,0,0,0,0,0,0,0,0,0,0,0,0,0,0,0,0,0,0,0,0,0,0,0
642,0,0,0,0,0,0,0,0,0,0,0,0,0,0,0,0,0,0,0,0,0,0,0,0,0,0,0,0,0,0,0,0,0,0,0,0,0,0,0,0,0,0,0,0,0,0,0,0
643,0,0,0,0,0,0,0,0,0,0,0,0,0,0,0,0,0,0,0,0,0,0,0,0,0,0,0,0,0,0,0,0,0,0,0,0,0,7.21026244207133,7.4502062764457,5.58242771509168,0.91795939955672,0,0,0,0,0,0,0
644,0,0,0,0,0,0,0,0,0,0,0,0,0,0,0,0,0,0,0,0,0,0,0,0,0,0,0,0,0,0,0,0,0,0,0,0,0,0,0,0,0,0,0,0,0,0,0,0
645,0,0,0,0,0,0,0,0,0,0,0,0,0,0,0,0,0,0,0,0,0,0,0,0,0,0,0,0,0,0,0,0,0,0,0,0,0,0,0,0,0,0,0,0,0,0,0,0
646,0,0,0,0,0,0,0,0,0,0,0,0,0,0,0,0,0,0,0,0,0,0,0,0,0,0,0,0,0,0,0,0,3.7187923364675,8.45290617733293,4.6216381053483,0,0,0,0,0,0,0,0,0,0,0,0,0
647,0,0,0,0,0,0,0,0,0,0,0,0,0,0,0,0,0,0,0,0,0,0,0,0,0,0,0,0,0,0,0,0,0,0,0,0.132954200788596,0.630525224951977,8.39021585279547,6.70814376706097,1.77977327873825,0,0,0,0,0,0,0,0
648,0,0,0,0,0,0,0,0,0,0,0,0,0,0,0,0,0,0,0,0,0,0,0,0,0,0,0,0,0,0,0,0,0,0.43271661106056,8.51177838438985,6.61106056010515,3.97735314932767,0,0,0,0,0,0,0,0,0,0,0
649,0,0,0,0,0,0,0,0,0,0,0,0,0,0,0,0,0,0,0,0,0,0,0,0,0,0,0,0,0,0,0,0,0,0,0,0,0,0,0,0,0,0,0,0,0,0,0,0
650,0,0,0,0,0,0,0,0,0,0,0,0,0,0,0,0,0,0,0,0,0,0,0,0,0,0,0,0,0,0,0,0,0,0,0,0,0,0,0,0,0,0,0,0,0,0,0,0
651,0,0,0,0,0,0,0,0,0,0,0,0,0,0,0,0,0,0,0,0,0,0,0,0,0,0,0,0,0,0,0,0,0,0,0,0,0,0,0,0,0,0,0,0,0,0,0,0
652,0,0,0,0,0,0,0,0,0,0,0,0,0,0,0,0,0,0,0,0,0,0,0,0,0,0,0,0,0,0,0,0,0,0,0,3.88868347198557,8.25239651197755,6.51029016738498,2.55601683872908,0,0,0,0,0,0,0,0,0
653,0,0,0,0,0,0,0,0,0,0,0,0,0,0,0,0,0,0,0,0,0,0,0,0,0,0,0,0,0,0,0,0,0.891294477297785,8.31841761050416,6.59041796131102,5.60086273428886,1.68333567204571,0,0,0,0,0,0,0,0,0,0,0
654,0,0,0,0,0,0,0,0,0,0,0,0,0,0,0,0,0,0,0,0,0,0,0,0,0,0,0,0,0,0,0,0,0,0,0,0,2.54636864789015,8.28837526310514,6.12878420366844,0,0,0,0,0,0,0,0,0
655,0,0,0,0,0,0,0,0,0,0,0,0,0,0,0,0,0,0,0,0,0,8.33747569409642,6.49201864287862,5.56230730680565,4.53383907988373,1.44843439911797,0,0,0,5.83962463666433,1.84645459556981,0,1.73572717249674,6.89003883933046,4.85405081687882,4.33532775383382,3.21807807958304,0,0,0,0,0,0,0,0,0,0,0
656,0,0,0,0,0,0,0,0,0,0,0,0,0,0,0,0,0,0,0,0,0,0,0,0,0,0,0,0,0,0,0,0,0,0,0,0,0,0,0,0,0,0,0,0,0,0,0,0
657,0,0,0,0,0,0,0,0,0,0,0,0,0,0,0,0,0,0,0,0,0,0,0,0,0,0,0,0,0,0,0,0,0,0,0,7.05875463566202,8.2490858975644,5.63577227623534,0.600681066452842,0,0,0,0,0,0,0,0,0
658,0,0,0,0,0,0,0,0,0,0,0,0.222456149143029,8.24190012027664,6.44321188734088,4.70965721158665,5.09945649994989,4.69863460960208,0.0551130099228225,0,0,0,0,0,0,0,0,0,0,0,0,0,0,0,0,3.53324496341586,8.13067204570512,4.94413801744011,0,0,0,0,0,0,0,0,0,0,0
659,0,0,0,0,0,0,0,0,0,0,0,0,0,0,0,0,0,0,0,0,0,0,0,0,0,0,0,0,0,0,0,0,0,0,0,7.22425023253475,8.14342718519822,5.56512582015636,4.35958219160864,0,0,0,0,0,0,0,0,0
660,0,0,0,0,0,0,0,0,0,0,0,0,0,0,0,0,0,0,0,0,0,0,0,0,0,0,0,0,0,0,0,0.521100580708414,8.51030543754242,6.61165187661832,5.62567736745519,4.58146811131502,4.63769476356872,4.51620503280625,4.42684481761734,4.37061816536363,4.27121747655798,3.35151009326529,0,0,0,0,0,0
661,0,0,0,0,0,0,0,0,0,0,0,0,0,0,0,0,0,0,0,0,0,0,0,0,0,0,0,0,0,8.14362402272556,7.41562432439227,5.63152643354534,4.49564745217326,4.3859488674929,4.49564745217326,4.36400915055683,4.28722014128058,4.22040373061163,4.12167500439931,2.03839915533322,0,0,0,0,0,0,0,0
662,0,0,0,0,0,0,0,0,0,0,0,0,0,0,0,0,0,0,0,0,0,0,0,0,0,0,0,0,0,0,0,0,0,0,0,0.131837401644084,0,2.5608416501169,8.13396817416224,6.08050076673622,5.11069685009678,4.27073279871289,0,0,0,0,0,0
663,0,0,0,0,0,0,0,0,0,0,0,0,0,0,0,0,0,0,0,0,0,0,0,0,0,0,0,0,0,0,0,0,0,0,0,0,7.59979461524925,7.20348324492823,5.08516403127278,4.96437391588527,0.164713793710249,0,0,0,0,0,0,0
664,0,0,0,0,0,0,0,0,0,0,0,0,0,0,0,0,0,0,0,0,0,0,1.59143995575555,8.47834384976998,6.2667324467684,5.0183873400538,4.277182432942,2.67473943538048,0,0,0,0,0,13.3967035370422,4.29918851655396,4.45523165489328,4.29918851655396,3.62500213680585,4.45523165489328,3.93408758390105,0,0,0,0,0,0,0,0
665,0,0,0,0,0,0,0,0,0,0,0,0,0,0,0,0,0,0,0,0,0,0,0,0,0,0,0,0,0,0,0,0,0,0,0,0,0,0,0,0,0,0,0,0,0,0,0,0
666,0,0,0,0,0,0,0,0,0,0,0,0,0,0,0,0,0,0,0,0,5.68956365554662,8.28608269694534,6.19707872789389,4.96026050040193,4.54066142483923,0,0,3.21492815514469,6.14213122990354,4.80540846061093,4.09908335008039,3.92125326567524,4.51868242564309,4.14304134847267,3.62353773110932,4.21996784565916,4.3188733420418,3.77838977090032,3.67948427451769,0,0,0,0,0,0,0,0,0
667,0,0,0,0,0,0,0,0,0,0,0,0,0,0,0,0,0,0,0,0,0,5.13905245176849,7.40977316117363,5.09478496784566,0.879313203376206,0,0,0,0,0,5.40666951366559,6.20851462017685,4.71649919614148,4.06053557073955,4.26074532757235,4.46196116358521,4.10480305466238,3.7265172829582,4.00520121583601,4.26074532757235,3.68325587821543,0.522155094453376,0,0,0,0,0,0
668,0,0,0,0,0,0,0,0,0,0,0,0,0,0,0,0,0,0,0,0,0,0,0,0,0,0,0,4.83782983319936,8.43980581792605,1.0005488846463,0,0,8.0064022307074,7.33869925643087,5.07011806672026,5.02587268890675,4.67090408963022,4.58140775723473,4.38029240353698,4.12588148110932,2.43550693327974,0,0,0,0,0,0,0
669,0,0,0,0,0,0,0,0,0,0,0,0,0,0,0,0,0,0,0,0,0,0,4.55827949155949,7.36182752210611,5.12542478898714,4.78151753416399,4.70408812299035,4.4587273914791,0,0,2.72410746583601,6.28284364951769,4.72621081189711,4.54721814710611,3.95895573754019,1.27909364951769,0,0,0,0,0,0,0,0,0,0,0,0
670,0,0,0,0,0,0,0,0,0,0,0,0,0,0,0,0,0,0,3.03509997990354,8.270571744373,5.12343448553055,4.97808882636656,3.93947297025723,0,0,0,0,0,0,0,0,0,0,0,0.279588524919614,8.50473975080386,5.06691117363344,4.17465032154341,0.98209254421222,0,0,0,0,0,0,0,0,0
671,0,0,0,0,0,0,0,0,0,0,0,0,0,0,0,0,0,0,0,0,0,0,0,0,0,0,0,0,0,0,0,0,0,0,0,3.34400120578778,8.54014268488746,5.29661374598071,5.07334204180064,4.92618569131833,2.7604501607717,0,0,0,0,0,0,0
672,0,0,0,0,0,0,0,0,0,0,0,0,0,0,0,0,0,0,0,0,0,0,0,0,0,0,0,0,0,0,0,0,0,0,6.11206290192926,7.32741534364952,6.3571505727492,3.2012685892283,2.34194885450161,6.14534641278135,4.1039577471865,4.3722430164791,4.46099904541801,3.66925492363344,4.40552652733119,1.89615152733119,0,0
673,0,0,0,0,0,0,0,0,0,0,0,0,0,0,0,0,0,0,0,0,0,0,0,0,0,0,0,0,0,0,0,0,0,0,0,0,0,4.5860300541674,7.43466987843539,5.0981450787549,4.92010508973815,3.22772496942163,0,0,0,0,0,0
674,0,0,0,0,0,0,0,0,0,0,0,0,0,0,0,0,0,0,0,0,0,0,0,0,0,0,0,0,0,0,0,0,0,0,0,5.88460248121614,7.30536781408352,5.09639699458326,4.69630788048226,3.94202516162852,4.67435785427223,3.77440677966102,4.29721649484536,3.63073388083173,0,0,0,0
675,0,0,0,0,0,0,0,0,0,0,0,0,0,0,0,0,0,0,0,0,0,1.92110781058885,8.25128279373955,7.14153116497341,5.04178527745188,4.98589850478021,4.07574249269863,4.42004493147949,4.16456254212326,3.96496692543871,4.33122488205487,4.16456254212326,3.07676643119243,0,0.688604877561718,6.3740860188213,4.25338259154789,4.09869598861736,4.04181123786226,2.37718379471306,0,4.88610069643793,4.36415815880782,4.08771822969971,0,0,0,0
676,0,0,0,0,0,0,0,0,0,0,0,0,0,0,0,0,0,0,0,0,0,0,0,0,0,8.38254062554604,6.6159147300367,4.59421981478246,5.41202865629914,4.66071640747859,4.37388782107286,4.28456403983925,4.18630788048226,4.19722523152193,4.14164598986545,4.09698409924865,4.06423204612965,4.10889393674646,2.49610344225057,0,3.66723746286912,4.925710291805,4.24089463568059,2.17553031626769,0,0,0,0
677,0,0,0,0,0,0,0,0,0,0,0,0,0,0,0,0,0,0,0,0,0,0,0,0,0,0,0,0,0,0,0,0,0,0,3.53671850428097,8.47789920371434,5.81232819949577,4.71863208606874,4.83090886398243,4.67452335188837,4.6624936971119,4.47402910561394,2.10819699957565,0,0,0,0,0
678,0,0,0,0,0,0,0,0,0,0,0,0,0,0,0,0,0,0,0,0,0,0,0,0,0,0,0,0,0,0,0,0,0,0,4.57327375751978,8.42276328598886,5.74516262699383,5.39931005217044,4.83090886398243,4.51813783979431,4.38380669479044,4.23945083747285,0.189467062729338,0,0,0,0,0
679,0,0,0,0,0,0,0,0,0,0,0,0,0,0,0,0,0,0,0,0,0,0,0,0,0,0,0,0,0,0,0,0,0,0.83793464965927,8.36327101170715,6.57487331818976,5.1431504455705,4.79652280272584,4.33736676568233,4.31626769177005,4.2037392975712,4.17058360999476,4.23689498514765,4.20474401537655,4.19268740171239,4.13642320461296,2.00139786825092,0
680,0,0,0,0,0,0,0,0,0,0,0,0,0,0,0,0,0,0,0,0,0,0,0,0,0,0,0,0,0,0,0,0,0,0.437197951792182,8.69359060821781,6.64258823529412,4.9854669664044,4.69433745472711,4.50394479830149,4.51401848382665,4.43645110528288,4.11207843137255,2.9465530161109,0,0,0,0,0
681,0,0,0,0,0,0,0,0,0,0,0,0,0,0,0,0,0,0,0,0,0,0,0,0,0,0,0,0,0,0,0,0,0,5.00390408392656,7.60098164106407,5.72061696015986,5.48506806544274,4.25397277382291,4.43315099288123,4.15331085300362,4.0858673660547,4.20968152866242,3.8613912826277,4.3103434494817,3.61577619582865,1.10828774822031,0,0
682,0,0,0,0,0,0,0,0,0,0,0,0,0,0,0,0,0,0,0,0,3.68139178219058,7.384918196578,5.37066666666667,4.88974147620832,4.7327868115399,4.25186162108155,4.56476483077307,4.00636842762583,4.08383964031473,4.30719820157362,3.99530111152741,4.44201823404521,4.04963157237417,4.0617050081179,3.31214587236168,4.65531559885101,3.55763906581741,4.35247358561259,3.4691005370301,4.22872086923942,3.74880179842638,3.89368302735107,4.09490695641314,3.63712251779693,0,0,0,0
683,0,0,0,0,0,0,0,0,0,0,0,0,0,0,0,0,0,0,0,0,0,0,0,0,0,0,1.25199700262271,8.3546916448108,7.35812214312477,5.368,5.1226286998876,4.30505957287374,4.2386886474335,5.1226286998876,3.99231172723867,3.86962607718247,0,4.09287373548145,4.18337954289996,3.83543499437992,3.71274934432372,0.750192581491195,0,0,0,0,0,0
684,0,0,0,0,0,0,0,0,0,0,0,0,0,0,0,0,0,0,0,0,0,0,0,0,0,0,0,0,0,0,0,0,0,0,7.01750867990508,7.35522817534657,5.45996652928688,4.37220731859623,4.39438591232671,4.51838441363807,4.31676083427001,3.6655166729112,0,0,0,0,0,0
685,0,0,0,0,0,0,0,0,0,0,0,0,0,0,0,0,0,0,0,0,0,0,0,0,0,0,0,0,0,0,0,0,0,0,0,6.4065814911952,7.40595628824778,5.46211739727738,5.34131385038092,4.28503159735232,4.2970121143999,4.61848932184339,4.3968497564631,4.04142775071812,0.311493443237167,0,0,0
686,0,0,0,0,0,0,0,0,0,0,0,0,0,0,0,0,0,0,0,0,0,0,0,0,0,0,0,0,0,0,0,0,0,0,2.48543874110154,8.39605445235419,6.17584838266517,4.58445235419008,4.87153940302236,4.36392181840889,2.49636592981142,0,0,0,0,0,0,0
687,0,0,0,0,0,0,0,0,0,0,0,0,0,0,0,0,0,0,0,0,0,0,0,0,0,0,0,0,0,0,0,0,0,0,0,6.84566260869565,7.37308621118012,5.41225341614907,4.25487900621118,4.45303254658385,4.44120248447205,4.15530931677019,3.81420919254658,1.30032099378882,0,0,0,0
688,0,0,0,0,0,0,0,0,0,0,0,0,0,0,0,0,0,0,0,0,0,0,0,0,0,0,0,0,0,0,0,0,1.41002385093168,8.28475229813665,6.36826285714286,5.34252223602484,4.37393142857143,4.64884173913043,4.31875229813665,3.83396422360248,3.84480298136646,3.91082086956522,4.14237614906832,4.07537291925466,3.71276720496894,1.46520298136646,0,0
689,0,0,0,0,0,0,0,0,0,0,0,0,0,0,0,0,0,0,0,0,0,0,0,5.96299378881988,6.93378260869565,4.88060869565217,4.70383229813665,4.72555900621118,4.30682608695652,4.11819875776397,4.65939130434783,4.67025465838509,3.99771428571429,3.88611801242236,3.9424099378882,4.09647204968944,4.08560869565217,3.95228571428571,3.6550248447205,3.63231055900621,3.67773913043478,3.86439130434783,3.89698136645963,3.86537888198758,3.73205590062112,1.21472049689441,0,0
690,0,0,0,0,0,0,0,0,0,0,0,0,0,0,0,0,0,0,0,0,0,0.454017391304348,8.41220869565217,7.32573913043478,4.63335652173913,4.95453913043478,4.18925217391304,3.99,3.91267826086957,4.21106086956522,4.17834782608696,4.10102608695652,3.88987826086957,3.89086956521739,4.01180869565217,4.17834782608696,4.05641739130435,3.97909565217391,3.62420869565217,3.6024,3.5796,0.62055652173913,0,0,0,0,0,0
691,0,0,0,0,0,0,0,0,0,0,0,0,0,0,0,0,0,0,0,0,0,0,0,0,0,0,0,0,0,0,0,0,0,0,6.60355602484472,7.38633316770186,4.82378906832298,4.90186658385093,4.1851550310559,4.04101192546584,3.99496621118012,4.13010037267081,4.11808844720497,0.8058,0,0,0,0
692,0,0,0,0,0,0,0,0,0,0,0,0,0,0,0,0,0,0,0,0,0,0,0,0,0,0,0,0,0,0,0,0,0,0,7.34301391304348,6.36830385093168,5.42628223602484,4.27525267080745,4.36341242236025,4.37430857142857,4.27525267080745,4.10883875776397,3.92063254658385,2.91224347826087,0,0,0,0
693,0,0,0,0,0,0,0,0,0,0,0,0,0,0,0,0,0,0,0,0,0,0,0,0,0,0,0,0,0,0,0,0,0,0.110859130434783,8.33324124223603,6.42982956521739,5.4449649689441,4.60362335403727,0,6.20811130434783,0.166288695652174,0,0,0,0,0,0,0
694,0,0,0,0,0,0,0,0,0,0,0,0,0,0,0,0,0,0,0,0,0,0,0,0,0,0,0,0,0,0,0,0,1.12687489019952,8.27439578366169,7.0706658300916,5.58945915422261,4.52945815033254,4.75104028108922,4.75004216338311,4.31985343204919,4.15316777512862,4.13220730330029,4.08729200652529,2.61806274312963,0,0,0,0
695,0,0,0,0,0,0,0,0,0,0,0,0,0,0,0,0,0,0,0,0,0,0,0,0,0,0,0,0,0,0,0,0,0,7.79810415359518,7.30041661438073,5.97324984314218,4.92290927343456,5.37562504705735,4.50217342201029,4.77800025097252,4.53515271677751,5.79636089848162,7.85306964487389,6.76974978039905,4.28031271175806,0.0229855690801857,0,0
696,0,0,0,0,0,0,0,0,0,0,0,0,0,0,0,0,0,0,0,0,0,5.75625348224369,7.33160697703601,5.47966470071527,5.29026151336429,4.60380022587527,4.59177462667838,4.49256343330405,4.42542050445476,4.1708786547873,4.18089998745137,4.25906638223115,4.2259959844397,4.2259959844397,4.24904504956707,4.24804291630066,4.31418371188355,4.18190212071778,4.14883172292634,4.05964186221609,4.12578265779897,4.07066532814657,4.09271226000753,4.03759493035513,4.03759493035513,4.02657146442465,2.11850972518509,0
697,0,0,0,0,0,0,0,0,0,0,0,0,0,0,0,0,0,0,0,0,0,0,0,0,5.62719437821559,7.32608357384866,5.58407027230518,5.32733140921069,4.71757660936128,4.44078002258753,4.33948851800728,4.44078002258753,4.35052026603087,4.29636441209688,4.26226628184214,4.25123453381855,4.16298054962982,4.16197766344585,4.14091705358263,4.13991416739867,4.08475542728071,3.99650144309198,3.96240331283725,4.05166018320994,4.01856493913916,0.34398996109926,0,0
698,0,0,0,0,0,0,0,0,0,0,0,0,0,0,0,0,0,0,0,0,6.46592044171163,7.16790588530556,4.89375505082194,4.71448186723554,4.649016940645,3.70128623415736,2.75254837495294,5.45171765591668,4.15752641485757,4.59261638850546,3.6680501945037,4.60369506839001,3.77883699334923,5.91903651650144,4.97231296273058,4.60369506839001,3.73452227381102,4.70441034006776,3.54417041034007,4.59261638850546,3.73452227381102,4.25824168653532,4.03566093612749,1.18139013678002,0,0,0,0
699,0,0,0,0,0,0,0,0,0,0,0,0,0,0,0,0,0,0,0,0,0,0,0,0,0,0,0,0,0,0,0,0,0,0,0,6.38896097377337,8.1824068264525,6.2542753168528,5.26793073158489,4.85374701970134,4.96514117204166,4.78589785418497,3.91196009536956,4.86488643493538,0.111394152340319,0,0,0
700,0,0,0,0,0,0,0,0,0,0,0,0,0,0,0,0,0,0,0,0,0,0,0,0,0,0,0,0,0,0,0,0,0,0,5.92231396662065,8.1497151461915,5.64690425398419,5.34837620780524,4.90812272556155,4.54426025850169,4.09093989208182,4.27890199523152,4.03666206550383,2.42641987702347,0,0,0,0
701,0,0,0,0,0,0,0,0,0,0,0,0,0,0,0,0,0,0,0,0,0,0,0,0,0,0,0,0,0,0,0,0,0,2.1961942408246,8.28341747767131,7.28469340271697,5.57787395862,4.77989342273148,4.83482324685397,4.92370968952491,4.6240924670386,3.23786345100198,0,0,0,0,0,0
702,0,0,0,0,0,0,0,0,0,0,0,0,0,0,0,0,0,0,0,0,0,0,0,0,0,0,0,0,0,0,0,0,0,6.43527282279653,8.22401641189863,5.75661129318756,5.65751469815616,4.71259363038203,8.32411398263741,8.6133959620725,5.41227564984614,4.4012901853844,4.41230091816567,4.57846288559205,4.59047459408071,1.28925671111556,0,0
703,0,0,0,0,0,0,0,0,0,0,0,0,0,0,0,0,0,4.07489805108704,7.44981361487078,5.66285832228366,5.28486777913988,4.82987916239273,4.62988416602037,4.91787696079658,4.74088138900703,4.45288859423082,0.032999174401441,5.91785194265843,4.44088889444848,4.58588526681844,4.50788721823322,4.32989167146181,4.29689249706037,4.29689249706037,4.27489304745941,4.20789472367466,4.1858952740737,4.10789722548848,4.096897500688,4.06389832628656,4.0628983513047,4.06389832628656,4.0418988766856,2.03194916314328,0,0,0,0
704,0,0,0,0,0,0,0,0,0,0,0,0,0,0,0,0,0,0,0,0,4.51436466438168,8.1965837732356,6.82099622226114,5.21364664381677,5.30155637837432,4.35952365464962,4.41446723874809,4.8020692502064,4.09379650246429,4.65821695729404,4.64722824047434,3.98191138575467,4.07082009456856,4.44743338920718,4.41446723874809,3.98191138575467,4.11577393610368,4.35852468039329,3.54935553276125,0.599384553801506,6.00083835780941,3.90399139376048,3.8600365264817,4.21467238748092,4.3924898051087,2.7062212604138,0,0
705,0,0,0,0,0,0,0,0,0,0,0,0,0,0,0,0,0,0,0,0,0,0,0,0,0,0,0,0,0,0,0,0,0,0,4.97301618673538,8.2692371969678,6.21400565409922,5.08473543318906,4.8612969402817,4.74857121413024,4.38120612444022,4.17991018488404,0,0,0,0,0,0
706,0,0,0,0,0,0,0,0,0,0,0,0,0,0,0,0,0,0,0,0,0,0,0,0,0,0,0,0,0,0,0,0,0,0,6.12798879187411,7.9399959970979,5.7825088188937,4.47310950439068,5.23356833704436,4.16086812939381,4.30490205398914,4.70880138100123,1.82308673788497,0,0,0,0,0
707,0,0,0,0,0,0,0,0,0,0,0,0,0,0,0,0,0,0,0,0,0,0,0,0,0,0,0,0,0,0,0,0,0,0,7.83927297290536,7.33666508218458,5.53573740962198,5.143924845513,4.98780415801456,0,0,0,0,0,0,0,0,0
708,0,0,0,0,0,0,0,0,0,0,0,0,0,0,0,0,0,0,0,0,0,0,0,0,0,0,0,0,0,0,0,0,0,0,0,0,0,0,0.424563068011585,8.34171077599121,7.38117447318486,6.26506541496055,5.25936282832318,4.51160990712074,5.23728153400579,4.18741635873365,0.860166783181864,0
709,0,0,0,0,0,0,0,0,0,0,0,0,0,0,0,0,0,0,0,0,0,0,0,0,0,0,0,0,0,0,0,5.96375711574952,7.50749525616698,7.96709677419355,5.59366223908918,5.31508538899431,5.01337760910816,4.53064516129032,4.21888045540797,4.49745730550285,4.57690702087287,4.30738140417457,4.09518026565465,4.14043643263757,4.44214421252372,4.38582542694497,4.1514990512334,3.7592789373814
710,0,0,0,0,0,0,0,0,0,0,0,0,0,0,0,0,0,0,0,0,0,0,0,0,0,0,0,0,0,3.07589134125637,8.29787026865075,5.35667482273045,4.91036902027364,4.49522420852891,4.10420403475482,4.328362129232,4.38364775791471,4.33941925496854,4.00368470987716,3.91422251073604,3.92527963647259,4.12732347947668,4.20472335963248,4.16049485668631,3.88004594027764,0.156810146809148,0,0
711,0,0,0,0,0,0,0,0,0,0,0,0,0,0,0,0,0,0,0,0,0,0,1.58978328173375,8.31818885448916,5.37306501547988,5.171826625387,4.59024767801858,4.76834365325077,4.59024767801858,4.23103715170279,4.19783281733746,4.1203560371517,4.20890092879257,4.61238390092879,4.15356037151703,3.83962848297214,3.82856037151703,3.92917956656347,4.02979876160991,3.94024767801858,3.78428792569659,3.50356037151703,3.61625386996904,3.94024767801858,3.86277089783282,3.15642414860681,0,0
712,0,0,0,0,0,0,0,0,0,0,0,0,0,0,0,0,0,0,0,0,0,0,0,0,0,0,0,0,0,0,5.862295266154,8.23783955857385,5.47040097872765,4.7631778687706,4.65135199240987,4.34911989413762,4.05796963946869,3.96730000998702,3.93405447917707,3.91189079197044,3.88972710476381,3.7768937880755,3.76681938479976,3.74364825726556,0.986284080695096,0,0,0
713,0,0,0,0,0,0,0,0,0,0,0,0,0,0,0,0,0,0,0,0,0,0,0,0,0,0,0,0,0,0,0,0,0,0,8.21656346749226,6.35913312693498,5.30565015479876,4.3437306501548,4.24311145510836,4.17569659442724,4.15255417956656,4.09721362229102,0.179102167182663,0,0,0,0,0
714,0,0,0,0,0,0,0,0,0,0,0,0,0,0,0,0,0,0,0,0,0,0,0,0,0,0,0,0,0,0,0,0,0,0,5.09008289224009,7.51696169979027,5.37185533806052,5.29207030859882,4.50532932188155,4.32657045840407,4.23567612104265,4.1468016578448,0.0222186157994607,0,0,0,0,0
715,0,0,0,0,0,0,0,0,0,0,0,0,0,0,0,0,0,0,0,0,0,0,0,0,0,0,0,0,0,0,0,0,0,0,8.301254282735,6.6837747653806,5.21288246685536,5.24601519439893,4.3584597050499,4.30223447043051,4.22392075078206,4.29119022791598,4.21287650826754,4.11147028154327,0.17971994637271,0,0,0
716,0,0,0,0,0,0,0,0,0,0,0,0,0,0,0,0,0,0,0,0,0,0,0,0,0,0,0,0,0,0,0,0,0,7.3575852822881,7.45984358706987,5.51793832861612,5.5079130046179,4.56553254878594,5.50691047221809,4.98058096231193,4.83421123193803,4.41916281841204,4.34096529122598,4.63270221957396,4.46427677640399,4.44222106360793,4.25073737524207,0.112283628779979
717,0,0,0,0,0,0,0,0,0,0,0,0,0,0,0,0,0,0,0,0,0,2.20780947415463,8.31276006753066,6.45429390734396,4.84348900143999,5.37304111425592,5.82406648790903,5.124373106907,4.39347038085307,4.47199712001589,4.30286260489597,4.13372808977606,4.26863300064551,4.50622672426635,4.06627563434133,3.9988231789066,4.33608545608024,3.9988231789066,3.32329187149312,3.24375837926411,3.68370946918913,3.58202740950395,3.24375837926411,3.19845449128557,3.58202740950395,3.6273312974825,0.811442971349124,0
718,0,0,0,0,0,0,0,0,0,0,0,0,0,0,0,0,0,0,0,0,0,1.9992700729927,7.56895377128954,4.9032603406326,4.1126399026764,3.84102189781022,4.12374695863747,3.9985401459854,3.50276155717762,3.73903892944039,4.12374695863747,3.51386861313869,4.05508515815085,4.18029197080292,3.86323600973236,3.59262773722628,3.75115571776156,3.82991484184915,3.35534063260341,3.29879562043796,3.28768856447689,3.64917274939173,1.16321167883212,0,0,0,0,0
719,0,0,0,0,0,0,0,0,0,0,0,0,0,0,0,0,0,0,0,0,0,0,0,0,0,0,0,0,0,0,0,0,0,0,3.29525348825662,8.36881796514226,6.50003326878197,5.73703833358161,4.84738020755748,4.73479070460301,4.67950121654501,4.67849595312578,4.62320646506778,4.55484855255971,0.483531704652664,0,0,0
720,0,0,0,0,0,0,0,0,0,0,0,0,0,0,0,0,0,0,0,0,0,0,0,0,0,0,0,0,0,0,0,0,0,0,0,5.55188043100452,8.25434579671285,6.58757386166145,4.90973037390139,5.06775162619792,4.89865882119271,4.34709419534237,3.87403694324445,0,0,0,0,0
721,0,0,0,0,0,0,0,0,0,0,0,0,0,0,0,0,0,0,0,0,0,0,0,0,0,0,0,0,0,0,0,0,0,0,2.69736878693083,8.23938229306321,6.62439073439595,4.97711951934058,4.87624559312776,4.79655519141963,4.71787352897363,4.25486220765679,4.25486220765679,0.891725507721337,0,0,0,0
722,0,0,0,0,0,0,0,0,0,0,0,0,0,0,0,0,0,0,0,0,0,0,0,0,5.60038689447435,7.53963730186164,5.74763369710138,4.90221668065775,4.76699002518394,4.76699002518394,4.66582045331095,4.59770628610933,4.04578119599032,4.26014048688954,4.54161226606093,4.18100785146413,4.06881981136734,4.45146116241173,4.30521603871414,3.86547898869192,4.39536714236334,4.3492899116093,3.83242358402054,4.0788366006617,4.37333020591576,3.86547898869192,3.95563009234112,4.33827144338551
723,3.46065181966323,0,0,0,0,0,0,0,0,0,0,0,0,0,0,0,0,0,0,0,0,0,7.37217026319688,7.38419337316676,5.26411831514493,4.95953286257469,4.63290504172633,4.48662387042615,4.68901288825243,4.83629598538344,4.65594933583527,4.3503619574342,3.97964940002963,4.35136388326502,4.45255839217816,3.80932200878969,4.12593057132981,4.419494839761,3.91151844353365,3.87745296528566,4.33934077329515,3.97964940002963,3.73117179398548,4.29525603673893,4.17001530788603,3.77625845637252,3.86643178114661,4.2161038961039
724,4.15662732704558,1.79724458051454,0,0,0,0,0,0,0,0,0,0,0,0,0,0,0,0,0,0,0,4.14564416572021,7.26785738975853,6.08866525109871,5.05524961730285,4.66185274801244,4.67283590933781,4.56100735766135,4.04380030615772,4.20155844155844,4.51607624314849,4.03281714483235,4.03281714483235,4.42621401412276,3.76323045775517,4.2794390400474,4.33635178509703,3.96591970766876,3.79617994173127,4.13466100439484,4.22352476420918,3.97690286899412,3.23504024492618,0,0,0,0,0
725,0,0,0,0,0,0,0,0,0,0,0,0,0,0,0,0,0,0,0,0,0,0,7.74204730630586,6.57255073823515,5.56284874820996,4.90968841044887,5.01155745395289,5.58482050269123,4.89870253320824,4.66300553059108,4.5841069576811,4.24753962767271,4.05678485013086,4.07875660461212,4.3254394844699,4.30346772998864,4.16963977087551,3.92095945879216,3.86503135647622,4.11271295244679,4.25852550491334,3.83207372475433,1.8426312280875,0,0,0,0,0
726,0,0,0,0,0,0,0,0,0,0,0,0,0,0,0,0,0,0,0,0,0,0,0,0,0,5.59277936892005,7.50575848106266,4.95644536072293,4.76455088637598,4.73173991407832,4.34099106216977,4.35093378104785,4.09441163399338,4.00492716409066,3.90351143153425,4.04966939904202,4.13915386894474,4.09441163399338,4.03773813638833,3.8488264777048,0.0556792257172485,0,0,0,0,0,0,0
727,0,0,0,0,0,0,0,0,0,0,0,0,0,0,0,0,0,0,0,0,0,0,0,0,0,6.84239543726236,6.8769529899758,5.40973803762777,4.62083847711224,4.51025430842921,4.40954372623574,4.08865216532517,4.00966347340872,3.95535874771616,3.83193891659671,4.13209594587922,4.11037405560219,4.0768038615377,3.84378722038418,3.79935608118118,3.72135474791368,3.79935608118118,4.0768038615377,3.9879415831317,3.96523233420572,2.65500740704163,0,0
728,0,0,0,0,0,0,0,0,0,0,0,0,0,0,0,0,0,0,0,0,0,0,0,0,0,0,2.79178707224335,7.54098859315589,5.21680608365019,4.50403041825095,4.42692015209125,4.61574144486692,4.14912547528517,5.69429657794677,5.4283650190114,4.54851711026616,4.13726235741445,4.01566539923954,3.98205323193916,3.89307984790875,3.71414448669201,3.99292775665399,4.01566539923954,5.69429657794677,4.51589353612167,0.700912547528517,0,0
729,0,0,0,0,0,0,0,0,0,0,0,0,0,0,0,0,0,0,0,0,0,0,0,0,0,2.91218902770234,7.58366594091741,5.15740759067742,4.45655450541838,4.02297590182592,4.11305730120243,4.11206739571478,3.85667177990004,3.51119476470879,3.7349134049186,3.86756074026424,3.85667177990004,3.60028625859765,3.44586100252363,3.57850833786927,3.85667177990004,3.56761937750507,3.42309317630759,1.72243554851799,0,0,0,0
730,0,0,0,0,0,0,0,0,0,0,0,0,0,0,0,0,0,0,0,0,0,0,0,0,6.36718417536741,6.4551096046316,4.78057474392597,4.35971819486367,4.02579914889406,4.34786308080558,3.827225988421,3.93688579345836,5.67958755999802,4.38145257063684,3.87069473996734,3.93787371962987,4.11471250432975,3.94874090751645,3.62667697560493,3.572341036172,3.68200084120936,3.91515141768519,3.74917982087189,3.43897100301846,0,0,0,0
731,0,0,0,0,0,0,0,0,0,0,0,0,0,0,0,0,0,0,0,0,0,0,0,0,0,0,0,3.89841753674106,7.43086520857044,4.87302192092632,4.62937082488,4.19730936711366,4.13121777425899,4.44096046315998,4.12036691573061,3.66561729922312,4.06512618140433,4.01974986392201,3.51074595477263,4.0759770399327,3.95365827106735,3.59952570636845,3.82048864367361,4.10951605720224,1.8604290167747,0,0,0
732,0,0,0,0,0,0,0,0,0,0,0,0,0,0,0,0,0,0,0,0,0,0,5.40064723637983,6.52927309614528,4.82499876292741,4.65940125686575,4.57068830718987,4.117266564402,4.00588252758672,4.45930427037459,4.23949329506656,3.77325745954773,4.12810925825127,4.29370676431293,4.14979464594983,3.72988668415063,3.90632688406156,4.52633183235192,4.23850759562571,4.02855361472611,3.63033104062546,3.9506833588995,4.12810925825127,3.62934534118462,3.54161809094958,3.84028502152506,3.91716957791083,3.25379385422337
733,0.0334717205205601,0,0,0,0,0,0,0,0,0,0,0,0,0,0,0,0,0,0,0,0,0,0,0,0,0,0,0,3.97919689247365,7.3499960413677,4.92920307783661,4.64272452867534,4.53148028106289,4.48717947449156,4.15640011875897,3.71339205304567,4.41039140976793,3.85712355881043,4.27748899005394,3.84727893512791,4.07764312929883,3.96836780642288,5.49330001484487,0,0,0,0,0
734,0,0,0,0,0,0,0,0,0,0,0,0,0,0,0,0,0,0,0,0,0,0,0,0,0,0,0,0,0,0,0,0,0,0.177292295511901,8.40463976446138,7.46400564105102,4.97600376070068,5.05381537928646,4.6450581424118,4.37911969914395,4.51208892077787,4.47860037607007,4.40078875748429,4.10333168390321,3.99203152060963,4.15750432975407,2.68696323420258,0
735,0,0,0,0,0,0,0,0,0,0,0,0,0,0,0,0,0,0,0,0,0,0,0,0,0,0,0,0,0,0,0,0,0,6.34199020238508,7.5248295313969,5.03593844326785,4.76979959424019,4.70277203226285,4.60420208817854,7.34838933148597,5.11282299965362,4.60420208817854,4.19415112078777,4.06108169627394,0.66436142312831,0,0,0
736,0,0,0,0,0,0,0,0,0,0,0,0,0,0,0,0,0,0,0,0,0,0,0,0,0,0,0,0,0,0,0,0,0,0,7.72994408431887,7.40884803800287,4.95433470236034,4.97600376070068,4.66672720075214,4.40177371468158,4.48943490524024,4.45693131772973,0,0,0,0,0,0
737,0,0,0,0,0,0,0,0,0,0,0,0,0,0,0,0,0,0,0,0,0,0,0,0,0,0,0,0,0,0,0,0,0,0,7.37924983708457,7.46796430898792,5.96579903754574,5.40261165973232,4.76067772820693,4.48556318612462,4.30813424231791,4.38588400421074,4.24234598225475,4.27524011228633,4.17655772219159,4.21941977041456,4.29716953230738,4.24234598225475
738,1.69852874830819,0,0,0,0,0,0,0,0,0,0,0,0,0,0,0,0,0,0,0,0,2.44878690661186,8.2259737330192,5.73539525790766,4.80802045215299,4.70851671762996,4.65378966364229,4.63189884204722,4.49955887513159,4.22393353050278,4.07965311544438,4.11348438518221,4.58811719885709,4.63090380470199,4.47766805353652,4.03587147225425,4.00403027720688,4.14632061757482,4.23487894130032,4.21199308236002,3.92641736427891,3.92542232693368,1.96320868213946,0,0,0,0,0
739,0,0,0,0,0,0,0,0,0,0,0,0,0,0,0,0,0,0,0,0,0,5.16328638026969,7.45165171186526,5.04158604441325,4.98572359516768,4.6216201313349,4.49892225174194,4.5328387387839,4.4231089277658,4.30041104817284,4.57673066319114,4.27846508596922,3.92533460323826,3.99117248984912,4.17871071231641,4.20165421825655,4.3662489347837,3.90338864103464,0,0,0,0,0,0,0,0,0,0
740,0,0,0,0,0,0,0,0,0,0,0,0,0,0,0,0,0,0,0,0,0,0,5.31022858288636,8.02810917840493,6.01759486691062,5.04621158955336,4.83599428542784,4.64869166374254,4.46138904205725,4.52714421775527,6.41511479272144,4.44943355556669,4.56002180560429,3.92040327835982,4.42751516366735,6.27164895483483,5.48756829916286,5.4666461978044,5.12292596120106,4.91370494761642,4.89178655571708,4.71444683944057,4.7373615218808,5.04621158955336,4.96850092736478,1.49045064915535,0,0
741,0,0,0,0,0,0,0,0,0,0,0,0,0,0,0,0,0,0,0,0,0,0,0,0,0,0,0,0,0,0,0,0,0,0,3.52406336157201,8.34568148779387,7.05905559175898,6.84842648754323,5.53894932076796,5.34024261867763,5.32931375006266,5.18624492455762,5.09881397563788,5.06503383628252,1.2001884806256,0,0,0
742,0,0,0,0,0,0,0,0,0,0,0,0,0,0,0,0,0,0,0,0,0,0,0,0,0,0,0,0,0,0,0,0,2.3577748258058,8.51708531755978,7.09439395458419,6.90577196851973,5.50415008271091,5.41485563186125,5.20416086019349,5.21519725299514,5.11486640934383,4.11356458970374,0,0,0,0,0,0
743,0,0,0,0,0,0,0,0,0,0,0,0,0,0,0,0,0,0,0,0,0,0,0,0,0,0,0,0,0,0,0,0,0,0,6.9112890487449,8.384120428593,5.89435811660546,6.8880391367775,5.62647869611147,5.31412118315811,5.02400271643443,5.18068690577997,4.96739423512249,4.82284043462951,4.80060138839982,4.74500377282559,4.70052568036621,1.47283137984808
744,0,0,0,0,0,0,0,0,0,0,0,0,0,0,0,0,0,0,0,0,0,0,0,0,0,0,0,0,0,0,0,0,0,0.422450827506414,8.46510991498566,7.29834096282509,6.62040796820766,5.43151063936818,5.33193294431309,5.19916268423965,4.89841792846723,5.15490593088184,2.44417978771568,0,0,0,0,0
745,0,0,0,0,0,0,0,0,0,0,0,0,0,0,0,0,0,0,0,0,0,0,0,0,0,5.93120780723376,8.43335781477942,7.14871371799386,6.37512148498416,6.07550480406459,5.3119331958348,5.62157050153428,5.3239579455707,5.0904773881986,4.84697620604658,4.60347502389456,4.69265858443584,4.70368127169375,4.38201921625836,3.34288042658081,0,0,0,0,0,0,0,0
746,0,0,0,0,0,0,0,0,0,0,0,0,0,0,0,0,0,0,0,0,0,0,0,0,0,0,0,0,0,7.02217239297751,8.33789099049248,5.86065521404497,6.01585794054027,5.26387569797274,5.16474621459832,4.85434076160773,4.83231198752452,4.74419689119171,4.6670961819005,4.42277705115951,4.61202424669249,4.67710926102923,1.58206650233915,0,0,0,0,0
747,0,0,0,0,0,0,0,0,0,0,0,0,0,0,0,0,0,0,0,0,0,0,0,0,0,0,0,0,0,0,0,0,0,0,6.95395442426681,8.2635957543136,6.95495875044016,5.5900794808592,5.12407213642537,4.91416796619548,4.65806479199155,1.89717214145581,0,0,0,0,0,0
748,0,0,0,0,0,0,0,0,0,0,0,0,0,0,0,0,0,0,0,0,0,0,0,0,0,0,0,0,0,0,0,0,0,0,4.55382765732683,8.25873937320791,6.942919663967,6.22740479903416,6.16171487499371,5.42396649730872,5.12280346093868,4.73270637356004,4.89945771920117,5.26833190804366,3.96261834096283,0.0222335127521505,0,0
749,0,0,0,0,0,0,0,0,0,0,0,0,0,0,0,0,0,0,0,0,0,0,0,0,0,0,0,0,0,0,0,0,0,0.701153227023492,8.2009706222647,8.044598319835,6.39512274259268,5.96131571004578,5.34793274309573,5.31464057548166,5.20265782987072,5.09168393782383,5.0926927913879,5.02409074903164,0,0,0,0
750,0,0,0,0,0,0,0,0,0,0,0,0,0,0,0,0,0,0,0,0,0,0,0,0,0,0,0,0,0,0,0,0,0,0,5.5870653831729,8.012,6.93224803100388,6.79903187898487,5.54199224903113,5.83146193274159,6.18703887985998,5.29659407425928,2.61524340542568,0,0,0,0,0
751,0,0,0,0,0,0,0,0,0,0,0,0,0,0,0,0,0,0,0,0,0,0,0,0,0,0,0,0,0,0,0,0,0,0,7.50906113264158,8.0539929991249,6.83214576822103,6.35320565070634,5.98825128141018,5.49831253906738,5.29933741717715,4.83139592449056,4.85439304913114,5.14335691961495,2.57767770971371,0,0,0
752,0,0,0,0,0,0,0,0,0,0,0,0,0,0,0,0,0,0,0,0,0,0,1.351103887986,8.14251981497687,8.0208706088261,5.69358169771222,5.67164495561945,5.49515389423678,5.35057082135267,5.37250756344543,5.30669733716715,5.26182672834104,5.31766570821353,5.01852831603951,4.7183937992249,4.49802925365671,5.05143342917865,5.00755994499313,4.92978422302788,4.79616952119015,4.54289986248281,4.49703212901613,4.45315864483061,4.71939092386548,4.90784748093512,4.85200850106263,0.620211526440805,0
753,0,0,0,0,0,0,0,0,0,0,0,0,0,0,0,0,0,0,0,0,0,0,0,0,0.42236929616202,8.25121440180023,6.96108638579823,6.78293061632704,6.76091136392049,6.53771621452682,5.77104588073509,4.81521015126891,5.05942367795975,4.85924865608201,5.07043330416302,5.13749193649206,4.67008326040755,3.88039279909989,5.44876409551194,0,0,0,0,0,0,0,0,0
754,0,0,0,0,0,0,0,0,0,0,0,0,0,0,0,0,0,0,0,0,0,0,0,0,0,0,0,0,0,0,0,0,0,7.84616202025253,8.08988748593574,6.98013751718965,5.61567445930741,5.60368796099513,5.5267745968246,5.42688711088886,5.31501312664083,0.0449493686710839,0,0,0,0,0,0
755,0,0,0,0,0,0,0,0,0,0,0,0,0,0,0,0,0,0,0,0,0,0,0,0,0,0,0,0,0,0,0,0,0,0,8.35046530816352,8.1858557319665,6.66470458807351,5.96065158144768,5.50847105888236,5.47475584448056,5.37658507313414,4.94622027753469,0,0,0,0,0,0
756,0,0,0,0,0,0,0,0,0,0,0,0,0,0,0,0,0,0,0,0,0,0,0,0,0,0,0,0,0,0,0,0,0,0,8.10351418927366,8.18023502937867,5.87761345168146,5.78993249156145,5.41330291286411,2.45705963245406,0,0,0,0,0,0,0,0
757,0,0,0,0,0,0,0,0,0,0,0,0,0,0,0,0,0,0,0,0,0,0,0,0,0,0,0,0,0,0,0,0,0,0.364039645592431,8.389820793913,8.02578114832057,6.93266756770286,5.72914852079892,5.64062521900185,5.50833758822646,5.44269109475897,5.37505531361065,5.32134454622816,0.628614907143215,0,0,0,0
758,0,0,0,0,0,0,0,0,0,0,0,0,0,0,0,0,0,0,0,0,0,0,0,0,0,0,0,0,0,0,0,0,0,0.433606897932622,8.31363618160885,8.1243712769685,6.97976923461981,5.71199479401311,5.73502703108575,5.60184061670922,5.21229538969815,5.48968363618161,5.35749862341693,5.14520148170396,0.0230322370726335,0,0,0
759,0,0,0,0,0,0,0,0,0,0,0,0,0,0,0,0,0,0,0,3.13173499524453,8.27127571707464,8.13768984331982,5.89686214146268,5.71908244481153,5.62868598888722,5.56339965960855,0.702079141012164,0,0,3.13173499524453,7.00070330880513,5.58449216599089,5.48505606447415,5.43985783651199,4.36916203634179,5.11744381038194,5.31732041848125,4.14618411172849,5.15058917755419,5.2058314561746,4.29182284627321,4.64838664464134,3.54454547729889,0,0,0,0,0
760,0,0,0,0,0,0,0,0,0,0,0,0,0,0,0,0,0,0,0,0,6.20027331431146,8.06315362667067,5.99039945937828,5.19088001201382,5.09094008109326,5.55666015918306,5.46871301997297,4.95801997296891,4.44732692596486,4.83609325724583,5.16889322721129,5.2238601892176,5.17988661961255,4.45931971767533,4.30341342543926,5.17988661961255,4.48130650247785,5.00199354257396,4.63621339540472,4.33739300195225,0,0,0,0,0,0,0,0
761,0,0,0,0,0,0,0,0,0,0,0,0,0,0,0,0,0,0,0,0,0,0,0,0,0,0,0,0,0,0,0,0,0,2.29734494668869,8.26924162787205,8.12522000300345,6.00590178705511,5.81587325424238,5.68385343144616,5.52783000450518,4.50667667817991,4.1506232166992,0,0,0,0,0,0
762,0,0,0,0,0,0,0,0,0,0,0,0,0,0,0,0,0,0,0,0,0,0,0,0,0,0,0,0,0,0,0,0,0,0,7.53554012113931,8.10576487961155,6.52967162236572,6.02723582119437,5.14099489412825,0.503432697602243,0,0,0,0,0,0,0,0
763,0,0,0,0,0,0,0,0,0,0,0,0,0,0,0,0,0,0,0,0,0,0,0,0,0,0,0,0,4.46455298593382,8.31616734244381,7.0542936877409,5.78242103418932,5.59543975571908,5.52944636331782,2.34776492966912,0,2.99470015517846,6.92230690293838,5.52944636331782,5.47545176953497,0.525947339440357,0,0,0,0,0,0,0
764,0,0,0,0,0,0,0,0,0,0,0,0,0,0,0,0,0,0,0,0,0,0,0,0,0,0,0,0,0,0,0,0,0,0,4.95712782745923,8.43264196788658,7.2624182760953,6.660732446582,5.61406026903134,5.20222188822925,5.64720823626663,5.60301094661957,4.83458079707422,4.82252699080684,5.45836527141104,4.85667944189775,4.4337917386839,1.25861827108539
765,0,0,0,0,0,0,0,0,0,0,0,0,0,0,0,0,0,0,0,0,0,0,0,0,0,0,0,0,0,0,0,0,0,0,7.9228428646577,8.3984732346384,6.006332256206,5.78350542321084,5.81747902106661,4.92017634828787,4.94215926454748,5.43977255078781,5.3528401092157,4.45453821297062,4.74231457127827,2.32619222965357,0,0
766,0,0,0,0,0,0,0,0,0,0,0,0,0,0,0,0,0,0,0,0,0,0,0,0,0,4.19504521429824,8.30102577590742,5.85925327521856,5.66010871471155,5.50399539089702,5.39291475664437,5.1387302422284,4.46123844593071,4.72743167756319,5.23780215926455,5.87026126600035,5.24881015004634,5.21578617770096,5.1497382330102,0.210152551288795,0,0,0,0,0,0,0,0
767,0,0,0,0,0,0,0,0,0,0,0,0,0,0,0,0,0,0,0,0,0,0,1.69823275970041,8.45613837328724,7.18021216903384,5.73716465018411,5.54902808045891,5.45996342776985,4.86052829337942,4.39418977480524,5.06067358032113,2.11953858871271,0,5.00463289997746,5.89227724756394,0,0,0,0,0,0,0,0,0,0,0,0,0
768,0,0,0,0,0,0,0,0,0,0,0,0,0,0,0,0,0,0,0,0,0,0,0,0,0,8.06491545802961,8.23120237469001,6.0544465319005,2.13267979259037,0,0,0,0,0,0,6.99807469752762,6.16563838581198,5.5325460284061,5.54256331254227,4.72114601337642,4.42162921770497,5.57562035019163,0,0,0,0,0,0
769,0,0,0,0,0,0,0,0,0,0,0,0,0,0,0,0,0,0,0,0,0,0,0,0,0.670199644297488,8.17801958868766,8.0909035344806,6.36739159840685,0,0,0,2.52438566168182,8.28889456676937,7.13559680368728,5.96052002705343,5.80806693219108,5.75163948798878,5.11608827434183,4.68743768943664,5.53285939730969,4.17167105032439,5.26953132436562,0.823642694321285,0,0,0,0,0
770,0,0,0,0,0,0,0,0,0,0,0,0,0,0,0,0,0,0,0,0,0,0,0,0,0,0,7.45104080559104,8.14278199443902,5.97170286315473,5.66536033666491,4.99733598857744,4.61391372961599,5.32541895243105,5.29280829638536,4.48248290373488,4.48149470203652,5.11789659577666,4.87677538137822,3.88956188472233,4.96472533253175,4.9637371308334,4.44987224768919,4.30658300142782,2.12562185315999,0,0,0,0
771,0,0,0,0,0,0,0,0,0,0,0,0,0,0,0,0,0,0,0,0,0,0,0,0,0,0,0,0,0,0,0,0,0,0,5.1232839858721,8.22884647178177,6.11475914931991,5.37562335612835,5.5971654016683,5.48589764785451,4.28579544600586,5.10043435785677,0.859344705793943,0,0,0,0,0
772,0,0,0,0,0,0,0,0,0,0,0,0,0,0,0,0,0,0,0,0,0,0,0,0,0,0,0,0,0,0,0,0,0,0,0.220826632599384,8.48292577841237,7.94180105708775,6.15529370506751,5.55945968287368,4.96362566067984,4.94174194033216,5.37145863079582,5.32868590466171,4.00372610906541,5.16256857293154,0.904195536183963,0,0
773,0,0,0,0,0,0,0,0,0,0,0,0,0,0,0,0,0,0,0,0,1.51363492898474,8.16605545953258,7.05001127226272,5.80143683775457,3.67995641391749,0,0,0,0,0,5.43672954084317,7.13770045840535,5.63602314571278,1.71292853385436,0,3.15980010520779,6.99520553092357,5.50249643045014,4.73023371158037,4.87272863906215,5.24839708424138,0.81810024798978,0,0,0,0,0,0
774,0,0,0,0,0,0,0,0,0,0,0,0,0,0,0,0,0,0,0,0,0,0,0,0,0,4.21679416848275,8.34598732496681,4.59208486761354,0,0,6.81097868289873,7.41821297061697,4.43778763057038,0,2.27364444778437,4.86782896220035,0,5.70800230455149,6.95432579344205,4.85687883570051,2.329390546329,0,0,0,0,0,0,0
775,0,0,0,0,0,0,0,0,0,0,0,0,0,0,0,0,0,0,0,0,0,0,0,0,0,0,0,0,0,0,0,0,0,0,0,0,0,0,0.538089727211242,8.30818466471281,7.23101425314997,3.73590841912778,0,0,0,0,0,0
776,0,0,0,0,0,0,0,0,0,0,0,0,0,0,0,0,0,0,0,0,0,0,0,0,0,0,0,0,0,0,0,0,0,0,0,5.88324941759976,8.33732020740963,6.88009218205957,4.64534655945492,0,0,0,0,0,0,0,0,0
777,0,0,0,0,0,0,0,0,0,0,0,0,0,0,0,0,0,0,0,0,0,0,0,0,0,0,0,0,0,0,0,0,0,0,0,4.9367641091155,0,5.70788507301921,8.25377670900028,6.9977240049097,1.25605270409058,0,0,0,0,0,0,0
778,0,0,0,0,0,0,0,0,0,0,0,0,0,0,0,0,0,0,0,0,0,0,0,0,0,0,0,0,0,0,0,0,0,0,0,3.99415911557586,8.36431005325728,7.01516292687852,6.79298594108887,5.54336606173806,3.68451879148893,6.08523662889018,2.54447941644161,0,0,0,0,0
779,0,0,0,0,0,0,0,0,0,0,0,0,0,0,0,0,0,0,0,0,0,0,0,0,0,0,0,0,0,0,0,0,0,0,7.09421918776345,2.36806052651506,7.4887299023196,1.7205050607032,8.11436810621167,5.44843206542316,5.175462530604,5.10871450566647,0.055789393977637,6.68775360306923,5.05392135086701,4.80286907796764,4.02381004063707,0
780,0,0,0,0,0,0,0,0,0,0,0,0,0,0,0,0,0,0,0,0,0,0,0,0,0,0,0,0,0,0,0,0,0,0,0,0,3.52564476639996,8.38366692748429,6.91815189681718,5.29947853302708,1.31135566268709,0,0,0,0,0,0,0
781,0,0,0,0,0,0,0,0,0,0,0,0,0,0,0,0,0,0,0,0,0,0,0,0,0,0,1.8146129382367,8.40854438526969,6.90357177111992,5.95253363285292,5.99676796486534,5.25584290365734,5.22266715464802,4.90096292183043,0.0884686640248366,0,0,6.83822559882884,5.0447245008708,2.58871374845402,0,0,0,6.45117519372018,5.46495065498877,2.49019182715364,0,0
782,0,0,0,0,0,0,0,0,0,0,0,0,0,0,0,0,0,0,0,0,0,0,0,0,0,0,0,0,0,0,0,0,0,0,0,0,0,0,0,0,0,0,0,0,0,0,0,0
783,0,0,0,0,0,0,0,0,0,0,0,0,0,0,0,0,0,0,0,0,0,0,0,0,0,0,0,0,0,0,0,0,0,0,0,0,4.77233650521215,8.28874227012292,8.10145435270956,6.18350589363689,0,0,0,0,0,0,0,0
784,0,0,0,0,0,0,0,0,0,0,0,0,0,0,0,0,0,0,0,0,0,0,0,0,0,0,0,0,0,0,0,0,0,0,0,0,3.39436381534112,8.41882329185492,7.84608697846993,5.96166435296196,7.1191524268659,0,0,0,0,0,0,0
785,0,0,0,0,0,0,0,0,0,0,0,0,0,0,0,0,0,0,0,0,0,0,0,0,0,0,0,0,0,0,0,0,0,0,0,0,0,0,0,0,0,0,0,0,0,0,0,0
786,0,0,0,0,0,0,0,0,0,0,0,0,0,0,0,0,0,0,0,0,0,0,0,0,0,0,0,0,0,0,0,0,4.4520763843402,8.3470247392553,7.58307653549655,6.29564568952487,5.37930367309921,2.23642867939739,0,0,7.83442736937572,4.92113266488638,4.25515191212778,5.08441174988663,3.87416738046052,0,0,0
787,0,0,0,0,0,0,0,0,0,0,0,0,0,0,0,0,0,0,0,0,0,0,0,0,0,0,0,0,0,0,7.88500025192724,7.7879236156598,5.79983372801935,5.12227842998942,4.90435128734821,4.90435128734821,5.28671436489142,5.4283670076082,4.65274449538973,0,0,0,0,0,0,0,0,0
788,0,0,0,0,0,0,0,0,0,0,0,0,0,0,0,0,0,0,0,0,0,0,0,0,0,0,0,0,2.78403587443946,8.21300448430493,7.0380269058296,6.51614349775785,5.09058295964125,4.92780269058296,3.23094170403587,0,0.870134529147982,6.67892376681614,4.91695067264574,4.75318385650224,2.00170403587444,0,0,0,0,0,0,0
789,0,0,0,0,0,0,0,0,0,0,0,0,0,0,0,0,0,0,0,0,0,0,0,0,0,0,0,0,0,0,0,0,0,0,0,8.30995918778657,6.99009522849801,5.51870610167783,5.2645026956215,5.10001813876153,4.76008338791757,0,0,0,0,0,0,0
790,0,0,0,0,0,0,0,0,0,0,0,0,0,0,0,0,0,0,0,0,0,0,0,0,0,0,0,0,0,0,0,0,0,0,0,0,0,1.16847080163249,8.24032019952638,6.9377953846929,6.3875736887187,5.55923993550663,0,0,0,0,0,0
791,0,0,0,0,0,0,0,0,0,0,0,0,0,0,0,0,0,0,0,0,0,0,0,0,0,0,0,0,0,0,0,0,0,0,0,0,4.34907542701668,8.18185418451151,7.531739809543,6.04476545573638,2.46663979442737,0,0,0,0,0,0,0
792,0,0,0,0,0,0,0,0,0,0,0,0,0,0,0,0,0,0,0,0,0,0,0,0,0,0,0,0,0,0,0,0,0,0,0,0,1.77485022194039,8.2249156626506,7.98229575142676,5.63361420418516,5.36985313887127,1.48793455928979,0,0,0,0,0,0
793,0,0,0,0,0,0,0,0,0,0,0,0,0,0,0,0,0,0,0,0,0,0,0,0,0,0,0,0,0,0,0,0,0,0,0,0,3.07088522511097,8.19036753329106,7.1771261889664,6.50665795814838,5.27327786937223,5.15164870006341,5.01996753329106,4.74454280279011,0,0,0,0
794,0,0,0,0,0,0,0,0,0,0,0,0,0,0,0,0,0,0,0,0,0,0,0,0,0,0,0,0,1.27321065313887,8.35121014584654,6.91113709575143,6.15772809131262,4.90575447051363,5.19498262523779,5.0716055802156,5.09486518706405,4.77327584020292,4.88451743817375,4.5073072923272,3.96525732403297,1.91638934686113,0,0,0,0,0,0,0
795,0,0,0,0,0,0,0,0,0,0,0,0,0,0,0,0,0,0,0,0,0,0,0,0,0,0,0,0,0,0,0,0,0,0,0,3.64568801521877,8.21562079898542,8.07381610653139,6.69700317057705,5.12106024096386,4.76906277742549,5.20956246036779,5.25381357006975,4.98931261889664,0.484750792644261,0,0,0
796,0,0,0,0,0,0,0,0,0,0,0,0,0,0,0,0,0,0,0,0,0,0,0,0,0,0,0,0,0,0,0,0,0,0,0,6.48844641724794,8.1754424857324,5.29839492707673,4.90305237793278,4.73706886493342,0.936549397590361,0,0,0,0,0,0,0
797,0,0,0,0,0,0,0,0,0,0,0,0,0,0,0,0,0,0,0,0,0,0,0,0,0,0,0,0,0,0,0,0,0,0,5.81499809765377,8.27194039315155,6.68493468611287,5.43081800887762,5.04362079898542,4.86862777425492,4.84650221940393,4.61418389346861,0.0553138871274572,0,0,0,0,0
798,0,0,0,0,0,0,0,0,0,0,0,0,0,0,0,0,0,0,0,0,0,0,0,0,0,0,0,0,0,0,0,0,0,1.03744578313253,8.40532530120482,7.11506506024096,6.52986506024096,5.08549879518072,4.94146506024096,4.9082265060241,5.30608192771084,2.01848674698795,0,0,0,0,0,0
799,0,0,0,0,0,0,0,0,0,0,0,0,0,0,0,0,0,0,0,0,0,0,0,0,0,0,0,0,0,0,0,0,0,0,0,0,0,0,2.96879086873811,8.31080050729233,6.76493316423589,6.19153126188966,5.41859759036145,4.81194039315155,1.94190767279645,0,0,0
800,0,0,0,0,0,0,0,0,0,0,0,0,0,0,0,0,0,0,0,0,0,0,0,0,0,0,0,0,6.43221877834896,8.21989794375567,6.74360145146659,5.1645184457212,4.92166011490777,5.02041578469912,6.62066071968552,5.17661097671606,4.7987193831267,4.79972709404294,4.88739794375567,4.5538456304808,4.51051406108255,4.44299742969459,3.64388267311763,0,0,0,0,0
801,0,0,0,0,0,0,0,0,0,0,0,0,0,0,0,0,0,0,0,0,0,0,0,0,0,0,0,0,0,2.88989214796895,8.36147464973289,6.83847747202903,5.15137284547929,5.28445998387259,5.42655301884891,5.17338725934886,3.40823152907973,0.0220144138695696,0,0,0,0,0,0,0,0,0,0
802,0,0,0,0,0,0,3.03016631387965,8.21802691260962,4.94700635016631,0,0,0,0,0,0,0,0,0,0,0,0,0,0,0,0,0,0,0,0,0,0,0,0.682586936800726,8.43889325672815,7.31557302691261,6.2572134865437,5.02395978228001,4.11950710613849,0,0,0,0,0,0,0,0,0,0
803,0,0,0,0,0,0,0,0,0,0,0,0,0,0,0,0,0,0,0,0,0,0,0,0,0,0,0,0,0,0,0,0,0,0,0,0,1.10149909283338,8.28870577562746,8.1029588751134,5.22887511339583,5.58139476867251,5.51448593891745,1.37612488660417,0,0,0,0,0
804,0,0,0,0,0,0,0,0,0,0,0,0,0,0,0,0,0,0,0,0,0,0,0,0,0,0,0,0,0,0,0,0,0,0,0,0,2.72545711117831,8.29699324664852,7.13164600342707,6.2524019756073,5.07708597923596,5.07708597923596,4.90063904848302,0.209343816147566,0,0,0,0
805,0,0,0,0,0,0,0,0,0,0,0,0,0,0,0,0,0,0,0,0,0,0,0,0,0,0,0,0,0,0,0,0,0,0,0,0,0,5.29077713940127,8.20559419413366,5.79770184457212,0,0,0,0,0,0,0,0
806,0,0,0,0,0,0,0,0,0,0,0,0,0,0,0,0,0,0,0,0,0,0,0,0,0,0,3.8496749319625,8.38776232234654,6.83380203608507,5.84647364176998,5.47006098175587,4.78164852333434,4.62665507509324,4.60451315391594,4.62564862413063,4.75950660215704,4.67093891744784,4.56022931156133,2.93984326176797,0,0,0,0,0,0,0,0,0
807,0,0,0,0,0,0,0,0,0,0,0,0,0,0,0,0,0,0,0,0,0,0,0,0,0,0,0,0,0,0,0,0,0,6.25783642224013,8.25825946817083,5.42900382755842,5.31775785656728,5.4941478646253,5.14136784850927,4.42177679290894,4.33458400483481,4.35563053988719,5.09626813053989,4.88680499597099,0.133294721998388,0,0,0
808,0,0,0,0,0,0,0,0,0,0,0,0,0,0,0,0,0,0,0,0,0,0,0,0,0,0,0,5.41969933521354,8.1300503626108,5.3094001813054,4.65662973408541,4.80102135374698,1.45995970991136,0,7.2115592264303,4.9002905922643,4.26957997582595,1.85904210314263,0,0,0,0,0,0,0,0,0,0
809,0,0,0,0,0,0,0,0,0,0,0,0,0,0,0,0,0,0,0,0,0,0,0,0,0,0,0,0,0,1.03747003424658,8.45383007655117,7.55942485898469,6.18080026188557,5.06529487308622,0.210095185334408,0,0,0,3.91777497985495,6.78707493956487,1.37962505036261,0,0,0,0,0,0,0
810,0,0,0,0,0,0,0,0,0,0,0,0,0,0,0,0,0,0,0,0,0,0,0,0,0,0,0,0,0,0,7.63691453464947,6.98660304190169,6.50111704270749,5.02468019742143,4.66206411160355,3.6031851833199,0,1.94993553585818,6.61199964746172,4.54019314061241,4.18756647864625,4.55118150684932,0.0219767324738114,0,0,0,0,0
811,0,0,0,0,0,0,0,0,0,0,0,0,0,0,0,0,0,0,0,0,0,0,0,0,0,0,0,0,0,0,0,0,0,0,0,0.318694601128122,8.41552931103948,4.80133335012087,0,0,0,0,0,0,0,0,0,0
812,0,0,0,0,0,0,0,0,0,0,0,0,0,0,0,0,0,0,0,0,0,0,0,0,0,0,0,0,0,0,0,0,0,0,0,0,1.51502467767929,8.29082821313457,7.79610596293312,5.501669772361,0.285684679693795,0,0,0,0,0,0,0
813,0,0,0,0,0,0,0,0,0,0,0,0,0,0,0,0,0,0,0,0,0,0,0,0,0,0,0,0,0,0,0,0,0,0,0,0,0,0,6.94297993908732,8.16160462130937,5.12299478970022,5.7810123587304,5.32079765410657,4.43118175639961,4.28904200961514,1.62417025346724,0,0
814,0,0,0,0,0,0,0,0,0,0,0,0,0,0,0,0,0,0,0,0,0,0,0,0,0,0,0,0,0,0,0,0,0,0,0,0,0,0,7.88133126934985,6.93513327795817,6.34251453598127,4.79274182587027,1.23105338669486,0,0,0,0,0
815,0,0,0,0,0,0,0,0,0,0,0,0,0,0,0,0,0,0,0,0,0,0,0,0,0,0,0,0,0,0,0,0,0,0,0,0,3.89136373933399,8.33152231367515,6.87039341538926,6.89130937098845,3.30870497621385,0,0,0,0,0,0,0
816,0,0,0,0,0,0,0,0,0,0,0,0,0,0,0,0,0,0,0,0,0,0,0,0,0,0,0,0,0,0,0,0,0,0,0,0,2.10444234690025,8.46192554557125,7.08806690326965,6.39060031714868,4.9836245563694,3.54353167711244,0,0,0,0,0,0
817,0,0,0,0,0,0,0,0,0,0,0,0,0,0,0,0,0,0,0,0,0,0,0,0,0,0,0,0,0,0,0,0,0,0,0,0,0.111533640413804,8.49363840016109,7.89577789524025,5.61084547811422,3.5489803418158,0,0,0,0,0,0,0
818,0,0,0,0,0,0,0,0,0,0,0,0,0,0,0,0,0,0,0,0,0,0,0,0,0,0,0,0,0,0,0,0,0,6.55125273729518,8.25600241637092,5.36795590123084,0.154430265045685,0,6.85108812202673,2.55612172468474,0,0,0,0,0,0,0,0
819,0,0,0,0,0,0,0,0,0,0,0,0,0,0,0,0,0,0,0,0,0,0,0,0,0,0,0,0,0,0,0,0,0,0,0,0,0,0,0,0,0,0,0,0,0,0,0,0
820,0,0,0,0,0,0,0,0,0,0,0,0,0,0,0,0,0,0,0,0,0,0,0,0,0,0,0,0,0,0,0,0,0,0,0,0,4.6219514712175,8.39037529260742,6.79050718618641,0.110164615268444,0,0,0,0,0,0,0,0
821,0,0,0,0,0,0,0,0,0,0,0,0,0,0,0,0,0,0,0,0,0,0,0,0,0,0,0,0,0,0,0,0,0,3.24769730873904,8.43983141820381,6.81598276383429,4.99400665255519,2.90819247051708,0,0,0,0,0,0,0,0,0,0
822,0,0,0,0,0,0,0,0,0,0,0,0,0,0,0,0,0,0,0,0,0,0,0,0,0,0,0,0,0,0,0,0,0,0,0,0,0,0,0,7.77568188690656,6.87595857272452,0,0,0,0,0,0,0
823,0,0,0,0,0,0,0,0,0,0,0,0,0,0,0,0,0,0,0,6.68605987299667,8.24247051708497,0.815739340792259,0,0,0,0.937850015119444,4.04967039612942,0,0,0,0,0,0,0,0,0,0,0,6.64201995766556,7.32664045963109,0,0,0,0,0,0,0,0
824,0,0,0,0,0,0,0,0,0,0,0,0,0,0,0,0,0,0,0,0,0,0,0,0,0,0,0,0,0,0,0,0,0,0,8.56123979437557,8.26221852635823,5.6633424049995,5.3984376574942,0.275942445318012,0,0,0,0,0,0,0,0,0
825,0,0,0,0,0,0,0,0,0,0,0,0,0,0,0,0,0,0,0,0,0,0,0,0,0,0,0,0,0,0,0,0,0,0,0,0,4.28990021167221,8.42612639854853,5.68693680072573,5.9952827335954,0,0,0,0,0,0,0,0
826,0,0,0,0,0,0,0,0,0,0,0,0,0,0,0,0,0,0,0,0,0,0,0,0,0,0,0,0,0,0,0,0,0,0,0,0,0,0,0,0,0,0,0,0,0,0,0,0
827,0,0,0,0,0,0,0,0,0,0,0,0,0,0,0,0,0,0,0,0,0,0,0,0,0,0,0,0,0,0,0,0,0,0,0,0,0,0,0,0,0,0,0,0,0,0,0,0
828,0,0,0,0,0,0,0,0,0,0,0,0,0,0,0,0,0,0,0,0,0,0,0,0,0,0,0,0,0,0,0,0,2.25767471827783,1.44630729192986,0,0,0,0,0,0,0,0,0,0,0,0,0,0
829,0,0,0,0,0,0,0,0,0,0,0,0,0,0,0,0,0,0,0,0,0,0,0,0,0,0,0,0,0,0,0,0,0,0,0,0.637065036131184,8.23291727727525,8.22293193188135,0.208693718732629,0,0,0,0,0,0,0,0,0
830,0,0,0,0,0,0,0,0,0,0,0,0,0,0,0,0,0,0,0,0,0,0,0,0,0,0,0,0,0,0,0,0,0,0,0,0,0,0,0,0,0,0,0,0,0,0,0,0
831,0,0,0,0,0,0,0,0,0,0,0,0,0,0,0,0,0,0,0,0,0,0,0,0,0,0,0,0,0,0,0,0,0,0,0,0,0,0,0,0,0,0,0,0,0,0,0,0
832,0,0,0,0,0,0,0,0,0,0,0,0,0,0,0,0,0,0,0,0,0,0,0,0,0,0,0,0,0,0,0,0,0.943376370711,8.3965488402648,3.68765324169993,0,0,0,0,0,0,0,0,0,0,0,0,0
833,0,0,0,0,0,0,0,0,0,0,0,0,0,0,0,0,0,0,0,0,0,0,0,0,0,0,0,0,0,0,0,0,0,0,0,0,1.17249380969225,4.84551013189146,0,0,0,0,0,0,0,0,0,0
834,0,0,0,0,0,0,0,0,0,0,0,0,0,0,0,0,0,0,0,0,0,0,0,0,0,0,0,0,0,0,0,0,0,0,0,0,0,0,0,0,0,0,0,0,0,0,0,0
835,0,0,0,0,0,0,0,0,0,0,0,0,0,0,0,0,0,0,0,0,0,0,0,0,0,0,0,0,0,0,0,0,0,0,0,0,0,0,0,0,0,0,0,0,0,0,0,0
836,0,0,0,0,0,0,0,0,0,0,0,0,0,0,0,0,0.897223320158103,8.37042490118577,3.63180830039526,0,0,0,0,0,0,0,0,0,0,0,0,0,0,0,0,0,0,0,0,0,0,0,0,0,0,0,0,0
837,0,0,0,0,0,0,0,0,0,0,0,0,0,0,0,0,0,0,0,0,0,0,0,0,0,0,0,0,0,0,0,0,0,0,0,0,0,0,0,0,0,0,0,0,0,0,0,0
838,0,0,0,0,0,0,0,0,0,0,0,0,0,0,0,0,0,0,0,0,0,0,0,0,0,0,0,0,0,0,0,0,0,0,0,0,0,0,0,0,0,0,0,0,0,0,0,0
839,0,0,0,0,0,0,0,0,0,0,0,0,0,0,0,0,0,0,0,0,0,0,0,0,0,0,0,0,0,0,0,0,0,0,0,0,0,0,0,0,0,0,0,0,0,0,0,0
840,0,0,0,0,0,0,0,0,0,0,0,0,0,0,0,0,0,0,0,0,0,0,0,0,0,0,0,0,0,0,0,0,0,0,0,0,0,0,0,0,0,0,0,0,0,0,0,0
841,0,0,0,0,0,0,0,0,0,0,0,0,0,0,0,0,0,0,0,0,0,0,0,0,0,0,0,0,0,0,0,0,0,0,0,0,0,0,0,0,0,0,0,0,0,0,0,0
842,0,0,0,0,0,0,0,0,0,0,0,0,0,0,0,0,0,0,0,0,0,0,0,0,0,0,0,0,0,0,0,0,0,0,0,0,0,0,0,0,0,0,0,0,0,0,0,0
843,0,0,0,0,0,0,0,0,0,0,0,0,0,0,0,0,0,0,0,0,0,0,0,0,0,0,0,0,0,0,0,0,0,0,0,0,0,0,0,0,0,0,0,0,0,0,0,0
844,0,0,0,0,0,0,0,0,0,0,0,0,0,0,0,0,0,3.24281661883841,3.40762043832694,2.31931228889961,1.69225385377251,0,0,0,0,0,0,0,0,0,0,0,0,0,0,0,0,0,0,0,0,0,0,0,0,0,0,0
845,0,0,0,0,0,0,0,0,0,0,0,0,0,0,0,0,0,0,0,0,0,0,0,0,0,0,0,0,0,0,0,0,0,0,0,0,0,0,0,0,0,0,0,0,0,0,0,0
846,0,0,0,0,0,0,0,0,0,0,0,0,0,0,0,0,0,0,0,0,0,0,0,0,0,0,0,0,0,0,0,0,0,0,0,0,0,0,0,0,0,0,0,0,0,0,0,0
847,0,0,0,0,0,0,0,0,0,0,0,0,0,0,0,0,0,0,0,0,0,0,0,0,0,0,0,0,0,0,0,0,0,0,0,3.03100033014196,3.06401122482668,0.864285242654341,0,0,0,0,0,0,0,0,0,0
848,0,0,0,0,0,0,0,0,0,0,0,0,0,0,0,0,0,0,0,0,0,0,0,0,0,0,0,0,0,0,0,0,0,0,0,0,0,0,0,0,0,0,0,0,0,0,0,0
849,0,0,0,0,0,0,0,0,0,0,0,0,0,0,0,0,0,0,0,0,0,0,0,0,0,0,0,0,0,0,0,0,0,0,0,0,0,0,0,0,0,0,0,0,0,0,0,0
850,0,0,0,0,0,0,0,0,0,0,0,0,0,0,0,0,0,0,0,0,0,0,0,0,0,0,0,0,0,0,0,0,0,0,0,0,0,0,0,0,0,0,0,0,0,0,0,0
851,0,0,0,0,0,0,0,0,0,0,0,0,0,0,0,0,0,0,2.10973335018324,3.24159029445217,0,0,0,0,0,0,0,0,0,0,0,0,0,0,0,0,0,0,0,0,0,0,0,0,0,0,0,0
852,0,0,0,0,0,0,0,0,0,0,0,0,0,0,0,0,0,0,0,0,0,0,0,0,0,0,0,0,0,0,2.92929609503349,0.9616782509794,0,0,1.50387969164666,0,0,0,0,0,0,0,0,0,0,0,0,0
853,0,0,0,0,0,0,0,0,0,0,0,0,0,0,0,0,0,0,0,0,0,0,0,0,0,0,0,0,0,0,0,0,0,0,0,0,0,0,0,0,0,0,0,0,0,0,0,0
854,0,0,0,0,0,0,0,0,0,0,0,0,0,0,0,0,0,0,0,0,0,0,0,0,0,0,0,0,0,0,0,0,0,0,0,0,0,0,0,0,0,0,0,0,0,0,0,0
855,0,0,0,0,0,0,0,0,0,0,0,0,0,0,0,0,0,0,0,0,0,0,0,0,0,0,0,0,0,0,0,0,0,0,0,0,0,0,0,0,0,0,0,0,0,0,0,0
856,0,0,0,0,0,0,0,0,0,0,0,0,0,0,0,0,0,0,0,0,0,0,0,0,0,0,0,0,0,0,0,0,0,0,0,0,0,2.10187368793788,1.94658750031616,0,0,0,0,0,0,0,0,0
857,0,0,0,0,0,0,0,0,0,0,0,0,0,0,0,0,0,0,0,0,0,0,0,0,0,0,0,0,0,0,0,0,0,0,0,0,0,0,0,0,0,0,0,0,0,0,0,0
858,0,0,0,0,0,0,0,0,0,0,0,0,0,0,0,0,0,0,0,0,0,4.28989427624757,2.07253332321623,0,0,0,0,0,0,0,0,0,0,0,0,0,0,0,0,0,0,0,0,0,0,0,0,0
859,0,0,0,0,0,0,0,0,0,0,0,0,0,0,0,0,0,0,0,0,0,0,0,0,0,0,0,0,0,0,0,0,0,0,0,0,0,0,0,0,0,0,0,0,0,0,0,0
860,0,0,0,0,0,0,0,0,0,0,0,0,0,0,0,0,0,0,0,0,0,0,0,0,0,0,0,0,0,0,0,0,0,0,0,0,0,0,0,0,0,0,0,0,0,0,0,0
861,0,0,0,0,0,0,0,0,0,0,0,0,0,0,0,0,0,0,0,0,0,0,0,0,0,0,0,0,0,0,0,0,0,0,0,0,0,0,0,0,0,0,0,0,0,0,0,0
862,0,0,0,0,0,0,0,0,0,0,0,0,0,0,0,0,0,0,0,0,0,0,0,0,0,0,0,0,0,0,0,0,0,0,0,0,0,0,0,0,0,0,0,0,0,0,0,0
863,0,0,0,0,0,0,0,0,0,0,0,0,0,0,0,0,0,0,0,0,0,0,0,0,0,0,0,0,0,0,0,0,0,0,0,0,0,0,0,0,0,0,0,0,0,0,0,0
864,0,0,0,0,0,0,0,0,0,0,0,0,0,0,4.5117320981092,2.34309286961804,3.27952793175893,0.626629458070722,0,0,0,0,0,0,0,0,0,0,0,0,0,0,0,0,0,0,0,0,0,0,0,0,0,0,0,0,0,0
865,0,0,0,0,0,0,0,0,0,0,0,0,0,0,0,0,0,0,0,0,0,0,0,0,0,0,0,0,0,0,0,0,0,0,0,0,0,0,0,0,0,0,0,0,0,0,0,0
866,0,0,0,0,0,0,0,0,0,0,0,0,0,0,0,0,0,0,0,0,0,0,0,0,0,0,0,0,0,0,0,0,0,0,0,0,0,0,0,0,0,0,0,0,0,0,0,0
867,0,0,0,0,0,0,0,0,0,0,0,0,0,0,0,0,0,0,0,0,0,0,0,0,0,0,0,0,0,0,0,0,0,0,0,0,0,0,0,0,0,0,0,0,0,0,0,0
868,0,0,0,0,0,0,0,0,0,0,0,0,0,0,0,0,0,0,0,0,0,0,0,0,0,0,0,0,0,0,0,0,0,0,0,0,0,0,0,0,0,0,0,0,0,0,0,0
871,0,0,0,0,0,0,0,0,0,0,0,0,0,0,0,0,0,0,0,0,0,0,0,0,1.25906155092124,4.15031382871027,1.33588226361612,0,0,0,0,0,0,0,0,0,0,0,0,0,0,0,0,0,0,0,0,0
872,0,0,0,0,0,0,0,0,0,0,0,0,0,0,0,0,0,0,0,0,0,0,0,0,0,0,0,0,0,0,0,0,0,0,0,0,0,0,0,0,0,0,0,0,0,0,0,0
873,0,0,0,0,0,0,0,0,0,0,0,0,0,0,0,0,0,0,0,0,0,0,0,0,0,0,0,0,0,0,0,0,0,0,0,0,0,0,0,0,0,0,0,0,0,0,0,0
874,0,0,0,0,0,0,0,0,0,0,0,0,0,0,0,0,0,0,0,0,0,0,0,0,0,0,0,0,0,0,0,0,0,0,0,0,0,0,0,0,0,0,0,0,0,0,0,0
875,0,0,0,0,0,0,0,0,0,0,0,0,0,0,0,0,0,0,0,0,0,0,0,0,0,0,0,0,0,0,0,0,0,0,0,0,0,0,0,0,0,0,0,0,0,0,0,0
876,0,0,0,0,0,0,0,0,0,0,0,0,0,0,0,0,0,0,0,0,0,0,0,0,0,0,0,0,0,0,0,0,0,0,0,0,0,0,0,0,0,0,0,0,0,0,0,0
877,0,0,0,0,0,0,0,0,0,0,0,0,0,0,0,0,0,0,0,0,0,0,0,0,0,0,0,0,0,0,0,0,0,0,0,0,0,0,0,0,0,0,0,0,0,0,0,0
878,0,0,0,0,0,0,0,0,0,0,0,0,0,0,0,0,0,0,3.95020036522268,0,0,0,0,0,0,0,0,0,0,0,0,0,0,0,0,0,0,0,0,0,0,0,0,0,0,0,0,0
879,0,0,0,0,0,0,0,0,0,0,0,0,0,0,0,0,0,0,0,0,0,0,0,0,0,0,0,0,0,0,0,0,0,0,0,0,0,0,0,0,0,0,0,0,0,0,0,0
880,0,0,0,0,0,0,0,0,0,0,0,0,0,0,0,0,0,0,0,0,0,0,0,0,0,0,0,0,0,0,0,0,0,0,2.92770493050624,5.2658788170843,8.24844704271077,7.05841229583037,2.22844729633763,0,0,0,0,0,0,0,0,0
